NACA1                                           
 Alfa =   0.00000 Re =    20000.000 Xflap,Yflap =     0.000000    0.000000
#    x        y        Cp  
   1.00000  0.00313 -0.44525
   0.96639  0.01459 -0.44615
   0.93335  0.02542 -0.44676
   0.90089  0.03565 -0.44734
   0.86900  0.04534 -0.44786
   0.83769  0.05450 -0.44836
   0.80695  0.06318 -0.44883
   0.77679  0.07139 -0.44929
   0.74720  0.07915 -0.44974
   0.71818  0.08648 -0.45018
   0.68974  0.09339 -0.45064
   0.66188  0.09988 -0.45112
   0.63459  0.10596 -0.45164
   0.60787  0.11163 -0.45223
   0.58173  0.11691 -0.45293
   0.55616  0.12178 -0.45379
   0.53117  0.12625 -0.45486
   0.50675  0.13032 -0.45625
   0.48291  0.13398 -0.45807
   0.45964  0.13724 -0.46051
   0.43694  0.14011 -0.46377
   0.41482  0.14256 -0.46816
   0.39328  0.14462 -0.47409
   0.37231  0.14628 -0.48207
   0.35191  0.14753 -0.49279
   0.33209  0.14839 -0.50709
   0.31284  0.14886 -0.52581
   0.29417  0.14893 -0.54928
   0.27607  0.14862 -0.57720
   0.25855  0.14793 -0.60980
   0.24160  0.14687 -0.64542
   0.22522  0.14545 -0.68132
   0.20942  0.14366 -0.71477
   0.19420  0.14153 -0.74377
   0.17955  0.13906 -0.76677
   0.16547  0.13626 -0.78288
   0.15197  0.13315 -0.79141
   0.13904  0.12972 -0.79185
   0.12669  0.12601 -0.78389
   0.11491  0.12201 -0.76679
   0.10371  0.11774 -0.74051
   0.09308  0.11321 -0.70428
   0.08302  0.10843 -0.65783
   0.07354  0.10343 -0.60048
   0.06464  0.09820 -0.53210
   0.05631  0.09276 -0.45241
   0.04855  0.08712 -0.36107
   0.04137  0.08129 -0.25814
   0.03476  0.07529 -0.14435
   0.02873  0.06912 -0.02090
   0.02327  0.06279  0.11085
   0.01839  0.05632  0.24802
   0.01408  0.04971  0.38701
   0.01034  0.04296  0.52384
   0.00718  0.03609  0.65292
   0.00460  0.02910  0.76863
   0.00258  0.02199  0.86576
   0.00115  0.01477  0.93890
   0.00029  0.00744  0.98446
   0.00000  0.00000  1.00003
   0.00029 -0.00744  0.98446
   0.00115 -0.01477  0.93897
   0.00258 -0.02199  0.86576
   0.00460 -0.02910  0.76863
   0.00718 -0.03609  0.65291
   0.01034 -0.04296  0.52372
   0.01408 -0.04971  0.38703
   0.01839 -0.05632  0.24800
   0.02327 -0.06279  0.11094
   0.02873 -0.06912 -0.02087
   0.03476 -0.07529 -0.14454
   0.04137 -0.08129 -0.25802
   0.04855 -0.08712 -0.36090
   0.05631 -0.09276 -0.45245
   0.06464 -0.09820 -0.53223
   0.07354 -0.10343 -0.60050
   0.08302 -0.10843 -0.65778
   0.09308 -0.11321 -0.70437
   0.10371 -0.11774 -0.74048
   0.11491 -0.12201 -0.76681
   0.12669 -0.12601 -0.78393
   0.13904 -0.12972 -0.79186
   0.15197 -0.13315 -0.79138
   0.16547 -0.13626 -0.78289
   0.17955 -0.13906 -0.76679
   0.19420 -0.14153 -0.74376
   0.20942 -0.14366 -0.71477
   0.22522 -0.14545 -0.68131
   0.24160 -0.14687 -0.64542
   0.25855 -0.14793 -0.60980
   0.27607 -0.14862 -0.57720
   0.29417 -0.14893 -0.54928
   0.31284 -0.14886 -0.52581
   0.33209 -0.14839 -0.50709
   0.35191 -0.14753 -0.49279
   0.37231 -0.14628 -0.48207
   0.39328 -0.14462 -0.47409
   0.41482 -0.14256 -0.46816
   0.43694 -0.14011 -0.46377
   0.45964 -0.13724 -0.46051
   0.48291 -0.13398 -0.45807
   0.50675 -0.13032 -0.45625
   0.53117 -0.12625 -0.45486
   0.55616 -0.12178 -0.45379
   0.58173 -0.11691 -0.45293
   0.60787 -0.11163 -0.45223
   0.63459 -0.10596 -0.45164
   0.66188 -0.09988 -0.45112
   0.68974 -0.09339 -0.45064
   0.71818 -0.08648 -0.45018
   0.74720 -0.07915 -0.44974
   0.77679 -0.07139 -0.44929
   0.80695 -0.06318 -0.44883
   0.83769 -0.05450 -0.44836
   0.86900 -0.04534 -0.44786
   0.90089 -0.03565 -0.44734
   0.93335 -0.02542 -0.44676
   0.96639 -0.01459 -0.44615
   1.00000 -0.00313 -0.44525
