NACA10                                          
 Alfa =   0.00000 Re =    20000.000 Xflap,Yflap =     0.000000    0.000000
#    x        y        Cp  
   1.00000  0.00276 -0.38247
   0.96639  0.01286 -0.38349
   0.93335  0.02240 -0.38423
   0.90089  0.03142 -0.38493
   0.86900  0.03996 -0.38560
   0.83769  0.04803 -0.38626
   0.80695  0.05568 -0.38692
   0.77679  0.06292 -0.38759
   0.74720  0.06976 -0.38829
   0.71818  0.07621 -0.38904
   0.68974  0.08230 -0.38985
   0.66188  0.08802 -0.39077
   0.63459  0.09338 -0.39182
   0.60787  0.09838 -0.39306
   0.58173  0.10303 -0.39454
   0.55616  0.10732 -0.39637
   0.53117  0.11126 -0.39864
   0.50675  0.11485 -0.40151
   0.48291  0.11808 -0.40516
   0.45964  0.12095 -0.40983
   0.43694  0.12347 -0.41584
   0.41482  0.12564 -0.42359
   0.39328  0.12745 -0.43355
   0.37231  0.12891 -0.44634
   0.35191  0.13002 -0.46253
   0.33209  0.13078 -0.48246
   0.31284  0.13118 -0.50576
   0.29417  0.13125 -0.53273
   0.27607  0.13098 -0.56283
   0.25855  0.13037 -0.59456
   0.24160  0.12944 -0.62607
   0.22522  0.12818 -0.65577
   0.20942  0.12661 -0.68240
   0.19420  0.12473 -0.70493
   0.17955  0.12255 -0.72282
   0.16547  0.12009 -0.73542
   0.15197  0.11734 -0.74238
   0.13904  0.11432 -0.74327
   0.12669  0.11105 -0.73773
   0.11491  0.10752 -0.72515
   0.10371  0.10376 -0.70520
   0.09308  0.09977 -0.67714
   0.08302  0.09556 -0.64062
   0.07354  0.09115 -0.59459
   0.06464  0.08654 -0.53859
   0.05631  0.08174 -0.47173
   0.04855  0.07677 -0.39377
   0.04137  0.07164 -0.30347
   0.03476  0.06635 -0.20091
   0.02873  0.06092 -0.08651
   0.02327  0.05534  0.03944
   0.01839  0.04964  0.17497
   0.01408  0.04381  0.31673
   0.01034  0.03786  0.46099
   0.00718  0.03181  0.60138
   0.00460  0.02565  0.73090
   0.00258  0.01938  0.84214
   0.00115  0.01302  0.92759
   0.00029  0.00656  0.98154
   0.00000  0.00000  1.00003
   0.00029 -0.00656  0.98158
   0.00115 -0.01302  0.92762
   0.00258 -0.01938  0.84212
   0.00460 -0.02565  0.73087
   0.00718 -0.03181  0.60134
   0.01034 -0.03786  0.46098
   0.01408 -0.04381  0.31674
   0.01839 -0.04964  0.17496
   0.02327 -0.05534  0.03948
   0.02873 -0.06092 -0.08643
   0.03476 -0.06635 -0.20100
   0.04137 -0.07164 -0.30349
   0.04855 -0.07677 -0.39364
   0.05631 -0.08174 -0.47173
   0.06464 -0.08654 -0.53865
   0.07354 -0.09115 -0.59459
   0.08302 -0.09556 -0.64059
   0.09308 -0.09977 -0.67726
   0.10371 -0.10376 -0.70523
   0.11491 -0.10752 -0.72518
   0.12669 -0.11105 -0.73776
   0.13904 -0.11432 -0.74324
   0.15197 -0.11734 -0.74240
   0.16547 -0.12009 -0.73542
   0.17955 -0.12255 -0.72283
   0.19420 -0.12473 -0.70492
   0.20942 -0.12661 -0.68240
   0.22522 -0.12818 -0.65577
   0.24160 -0.12944 -0.62607
   0.25855 -0.13037 -0.59456
   0.27607 -0.13098 -0.56283
   0.29417 -0.13125 -0.53272
   0.31284 -0.13118 -0.50576
   0.33209 -0.13078 -0.48246
   0.35191 -0.13002 -0.46253
   0.37231 -0.12891 -0.44634
   0.39328 -0.12745 -0.43355
   0.41482 -0.12564 -0.42359
   0.43694 -0.12347 -0.41585
   0.45964 -0.12095 -0.40983
   0.48291 -0.11808 -0.40516
   0.50675 -0.11485 -0.40151
   0.53117 -0.11126 -0.39864
   0.55616 -0.10732 -0.39637
   0.58173 -0.10303 -0.39454
   0.60787 -0.09838 -0.39306
   0.63459 -0.09338 -0.39182
   0.66188 -0.08802 -0.39077
   0.68974 -0.08230 -0.38985
   0.71818 -0.07621 -0.38904
   0.74720 -0.06976 -0.38829
   0.77679 -0.06292 -0.38759
   0.80695 -0.05568 -0.38692
   0.83769 -0.04803 -0.38626
   0.86900 -0.03996 -0.38560
   0.90089 -0.03142 -0.38493
   0.93335 -0.02240 -0.38423
   0.96639 -0.01286 -0.38349
   1.00000 -0.00276 -0.38247
