NACA100                                         
 Alfa =   0.00000 Re =    20000.000 Xflap,Yflap =     0.000000    0.000000
#    x        y        Cp  
   1.00000  0.00126 -0.04655
   0.96639  0.00588 -0.05260
   0.93335  0.01024 -0.05911
   0.90089  0.01437 -0.06624
   0.86900  0.01827 -0.07402
   0.83769  0.02196 -0.08243
   0.80695  0.02546 -0.09139
   0.77679  0.02877 -0.10096
   0.74720  0.03189 -0.11114
   0.71818  0.03485 -0.12191
   0.68974  0.03763 -0.13321
   0.66188  0.04025 -0.14498
   0.63459  0.04270 -0.15713
   0.60787  0.04498 -0.16957
   0.58173  0.04711 -0.18222
   0.55616  0.04907 -0.19502
   0.53117  0.05087 -0.20788
   0.50675  0.05251 -0.22077
   0.48291  0.05399 -0.23361
   0.45964  0.05530 -0.24638
   0.43694  0.05645 -0.25898
   0.41482  0.05745 -0.27141
   0.39328  0.05827 -0.28363
   0.37231  0.05894 -0.29554
   0.35191  0.05945 -0.30717
   0.33209  0.05979 -0.31845
   0.31284  0.05998 -0.32932
   0.29417  0.06001 -0.33972
   0.27607  0.05988 -0.34963
   0.25855  0.05961 -0.35904
   0.24160  0.05918 -0.36780
   0.22522  0.05861 -0.37593
   0.20942  0.05789 -0.38337
   0.19420  0.05703 -0.39004
   0.17955  0.05603 -0.39586
   0.16547  0.05491 -0.40076
   0.15197  0.05365 -0.40470
   0.13904  0.05227 -0.40752
   0.12669  0.05077 -0.40908
   0.11491  0.04916 -0.40934
   0.10371  0.04744 -0.40801
   0.09308  0.04562 -0.40494
   0.08302  0.04369 -0.39971
   0.07354  0.04167 -0.39196
   0.06464  0.03957 -0.38136
   0.05631  0.03737 -0.36709
   0.04855  0.03510 -0.34834
   0.04137  0.03275 -0.32381
   0.03476  0.03034 -0.29214
   0.02873  0.02785 -0.25112
   0.02327  0.02530 -0.19818
   0.01839  0.02269 -0.12926
   0.01408  0.02003 -0.04072
   0.01034  0.01731  0.07388
   0.00718  0.01454  0.21831
   0.00460  0.01173  0.39383
   0.00258  0.00886  0.59351
   0.00115  0.00595  0.79084
   0.00029  0.00300  0.94278
   0.00000  0.00000  1.00003
   0.00029 -0.00300  0.94285
   0.00115 -0.00595  0.79076
   0.00258 -0.00886  0.59373
   0.00460 -0.01173  0.39384
   0.00718 -0.01454  0.21820
   0.01034 -0.01731  0.07385
   0.01408 -0.02003 -0.04070
   0.01839 -0.02269 -0.12936
   0.02327 -0.02530 -0.19816
   0.02873 -0.02785 -0.25107
   0.03476 -0.03034 -0.29218
   0.04137 -0.03275 -0.32377
   0.04855 -0.03510 -0.34828
   0.05631 -0.03737 -0.36709
   0.06464 -0.03957 -0.38141
   0.07354 -0.04167 -0.39197
   0.08302 -0.04369 -0.39971
   0.09308 -0.04562 -0.40496
   0.10371 -0.04744 -0.40799
   0.11491 -0.04916 -0.40937
   0.12669 -0.05077 -0.40908
   0.13904 -0.05227 -0.40752
   0.15197 -0.05365 -0.40471
   0.16547 -0.05491 -0.40075
   0.17955 -0.05603 -0.39588
   0.19420 -0.05703 -0.39001
   0.20942 -0.05789 -0.38338
   0.22522 -0.05861 -0.37593
   0.24160 -0.05918 -0.36780
   0.25855 -0.05961 -0.35903
   0.27607 -0.05988 -0.34964
   0.29417 -0.06001 -0.33972
   0.31284 -0.05998 -0.32933
   0.33209 -0.05979 -0.31843
   0.35191 -0.05945 -0.30717
   0.37231 -0.05894 -0.29555
   0.39328 -0.05827 -0.28363
   0.41482 -0.05745 -0.27141
   0.43694 -0.05645 -0.25898
   0.45964 -0.05530 -0.24637
   0.48291 -0.05399 -0.23361
   0.50675 -0.05251 -0.22077
   0.53117 -0.05087 -0.20788
   0.55616 -0.04907 -0.19502
   0.58173 -0.04711 -0.18221
   0.60787 -0.04498 -0.16957
   0.63459 -0.04270 -0.15713
   0.66188 -0.04025 -0.14498
   0.68974 -0.03763 -0.13322
   0.71818 -0.03485 -0.12191
   0.74720 -0.03189 -0.11114
   0.77679 -0.02877 -0.10096
   0.80695 -0.02546 -0.09139
   0.83769 -0.02196 -0.08243
   0.86900 -0.01827 -0.07403
   0.90089 -0.01437 -0.06624
   0.93335 -0.01024 -0.05911
   0.96639 -0.00588 -0.05260
   1.00000 -0.00126 -0.04655
