NACA11                                          
 Alfa =   0.00000 Re =    20000.000 Xflap,Yflap =     0.000000    0.000000
#    x        y        Cp  
   1.00000  0.00272 -0.37585
   0.96639  0.01269 -0.37689
   0.93335  0.02211 -0.37765
   0.90089  0.03101 -0.37837
   0.86900  0.03943 -0.37907
   0.83769  0.04741 -0.37975
   0.80695  0.05495 -0.38043
   0.77679  0.06210 -0.38114
   0.74720  0.06885 -0.38188
   0.71818  0.07522 -0.38267
   0.68974  0.08123 -0.38354
   0.66188  0.08687 -0.38452
   0.63459  0.09216 -0.38564
   0.60787  0.09710 -0.38697
   0.58173  0.10169 -0.38858
   0.55616  0.10592 -0.39054
   0.53117  0.10981 -0.39298
   0.50675  0.11335 -0.39606
   0.48291  0.11654 -0.39996
   0.45964  0.11938 -0.40495
   0.43694  0.12187 -0.41132
   0.41482  0.12400 -0.41950
   0.39328  0.12579 -0.42999
   0.37231  0.12723 -0.44336
   0.35191  0.12833 -0.46015
   0.33209  0.12907 -0.48054
   0.31284  0.12948 -0.50421
   0.29417  0.12954 -0.53145
   0.27607  0.12927 -0.56152
   0.25855  0.12867 -0.59289
   0.24160  0.12775 -0.62385
   0.22522  0.12651 -0.65286
   0.20942  0.12496 -0.67879
   0.19420  0.12310 -0.70073
   0.17955  0.12096 -0.71813
   0.16547  0.11852 -0.73039
   0.15197  0.11581 -0.73727
   0.13904  0.11284 -0.73822
   0.12669  0.10960 -0.73281
   0.11491  0.10612 -0.72063
   0.10371  0.10241 -0.70132
   0.09308  0.09847 -0.67405
   0.08302  0.09432 -0.63833
   0.07354  0.08996 -0.59335
   0.06464  0.08541 -0.53859
   0.05631  0.08068 -0.47319
   0.04855  0.07577 -0.39637
   0.04137  0.07071 -0.30754
   0.03476  0.06549 -0.20621
   0.02873  0.06012 -0.09292
   0.02327  0.05462  0.03242
   0.01839  0.04899  0.16743
   0.01408  0.04324  0.30923
   0.01034  0.03737  0.45426
   0.00718  0.03139  0.59572
   0.00460  0.02531  0.72669
   0.00258  0.01913  0.83939
   0.00115  0.01285  0.92632
   0.00029  0.00647  0.98125
   0.00000  0.00000  1.00003
   0.00029 -0.00647  0.98122
   0.00115 -0.01285  0.92636
   0.00258 -0.01913  0.83944
   0.00460 -0.02531  0.72665
   0.00718 -0.03139  0.59559
   0.01034 -0.03737  0.45426
   0.01408 -0.04324  0.30949
   0.01839 -0.04899  0.16726
   0.02327 -0.05462  0.03230
   0.02873 -0.06012 -0.09284
   0.03476 -0.06549 -0.20622
   0.04137 -0.07071 -0.30747
   0.04855 -0.07577 -0.39623
   0.05631 -0.08068 -0.47316
   0.06464 -0.08541 -0.53871
   0.07354 -0.08996 -0.59342
   0.08302 -0.09432 -0.63835
   0.09308 -0.09847 -0.67412
   0.10371 -0.10241 -0.70130
   0.11491 -0.10612 -0.72069
   0.12669 -0.10960 -0.73283
   0.13904 -0.11284 -0.73821
   0.15197 -0.11581 -0.73726
   0.16547 -0.11852 -0.73040
   0.17955 -0.12096 -0.71813
   0.19420 -0.12310 -0.70073
   0.20942 -0.12496 -0.67878
   0.22522 -0.12651 -0.65285
   0.24160 -0.12775 -0.62385
   0.25855 -0.12867 -0.59289
   0.27607 -0.12927 -0.56152
   0.29417 -0.12954 -0.53145
   0.31284 -0.12948 -0.50421
   0.33209 -0.12907 -0.48054
   0.35191 -0.12833 -0.46015
   0.37231 -0.12723 -0.44336
   0.39328 -0.12579 -0.42999
   0.41482 -0.12400 -0.41950
   0.43694 -0.12187 -0.41132
   0.45964 -0.11938 -0.40495
   0.48291 -0.11654 -0.39996
   0.50675 -0.11335 -0.39606
   0.53117 -0.10981 -0.39298
   0.55616 -0.10592 -0.39054
   0.58173 -0.10169 -0.38858
   0.60787 -0.09710 -0.38697
   0.63459 -0.09216 -0.38564
   0.66188 -0.08687 -0.38452
   0.68974 -0.08123 -0.38354
   0.71818 -0.07522 -0.38267
   0.74720 -0.06885 -0.38188
   0.77679 -0.06210 -0.38114
   0.80695 -0.05495 -0.38043
   0.83769 -0.04741 -0.37975
   0.86900 -0.03943 -0.37907
   0.90089 -0.03101 -0.37837
   0.93335 -0.02211 -0.37765
   0.96639 -0.01269 -0.37689
   1.00000 -0.00272 -0.37585
