NACA12                                          
 Alfa =   0.00000 Re =    20000.000 Xflap,Yflap =     0.000000    0.000000
#    x        y        Cp  
   1.00000  0.00268 -0.36930
   0.96639  0.01253 -0.37036
   0.93335  0.02183 -0.37114
   0.90089  0.03061 -0.37188
   0.86900  0.03893 -0.37260
   0.83769  0.04680 -0.37331
   0.80695  0.05425 -0.37402
   0.77679  0.06130 -0.37476
   0.74720  0.06796 -0.37554
   0.71818  0.07426 -0.37638
   0.68974  0.08019 -0.37731
   0.66188  0.08576 -0.37835
   0.63459  0.09098 -0.37956
   0.60787  0.09585 -0.38099
   0.58173  0.10038 -0.38272
   0.55616  0.10456 -0.38483
   0.53117  0.10840 -0.38745
   0.50675  0.11189 -0.39074
   0.48291  0.11504 -0.39491
   0.45964  0.11784 -0.40021
   0.43694  0.12030 -0.40696
   0.41482  0.12241 -0.41559
   0.39328  0.12418 -0.42660
   0.37231  0.12560 -0.44056
   0.35191  0.12668 -0.45792
   0.33209  0.12741 -0.47872
   0.31284  0.12781 -0.50276
   0.29417  0.12788 -0.53022
   0.27607  0.12761 -0.56021
   0.25855  0.12702 -0.59121
   0.24160  0.12611 -0.62155
   0.22522  0.12488 -0.64992
   0.20942  0.12335 -0.67512
   0.19420  0.12152 -0.69653
   0.17955  0.11940 -0.71348
   0.16547  0.11700 -0.72544
   0.15197  0.11432 -0.73214
   0.13904  0.11139 -0.73315
   0.12669  0.10819 -0.72795
   0.11491  0.10476 -0.71620
   0.10371  0.10109 -0.69735
   0.09308  0.09721 -0.67080
   0.08302  0.09311 -0.63610
   0.07354  0.08880 -0.59212
   0.06464  0.08431 -0.53847
   0.05631  0.07964 -0.47434
   0.04855  0.07480 -0.39902
   0.04137  0.06980 -0.31131
   0.03476  0.06465 -0.21142
   0.02873  0.05935 -0.09900
   0.02327  0.05392  0.02546
   0.01839  0.04836  0.16015
   0.01408  0.04268  0.30195
   0.01034  0.03689  0.44753
   0.00718  0.03099  0.58999
   0.00460  0.02499  0.72239
   0.00258  0.01888  0.83678
   0.00115  0.01268  0.92503
   0.00029  0.00639  0.98086
   0.00000  0.00000  1.00003
   0.00029 -0.00639  0.98085
   0.00115 -0.01268  0.92505
   0.00258 -0.01888  0.83678
   0.00460 -0.02499  0.72243
   0.00718 -0.03099  0.59001
   0.01034 -0.03689  0.44740
   0.01408 -0.04268  0.30211
   0.01839 -0.04836  0.16004
   0.02327 -0.05392  0.02533
   0.02873 -0.05935 -0.09878
   0.03476 -0.06465 -0.21150
   0.04137 -0.06980 -0.31128
   0.04855 -0.07480 -0.39894
   0.05631 -0.07964 -0.47440
   0.06464 -0.08431 -0.53853
   0.07354 -0.08880 -0.59214
   0.08302 -0.09311 -0.63603
   0.09308 -0.09721 -0.67090
   0.10371 -0.10109 -0.69731
   0.11491 -0.10476 -0.71627
   0.12669 -0.10819 -0.72799
   0.13904 -0.11139 -0.73312
   0.15197 -0.11432 -0.73217
   0.16547 -0.11700 -0.72543
   0.17955 -0.11940 -0.71349
   0.19420 -0.12152 -0.69651
   0.20942 -0.12335 -0.67513
   0.22522 -0.12488 -0.64992
   0.24160 -0.12611 -0.62154
   0.25855 -0.12702 -0.59121
   0.27607 -0.12761 -0.56021
   0.29417 -0.12788 -0.53022
   0.31284 -0.12781 -0.50276
   0.33209 -0.12741 -0.47872
   0.35191 -0.12668 -0.45792
   0.37231 -0.12560 -0.44056
   0.39328 -0.12418 -0.42660
   0.41482 -0.12241 -0.41559
   0.43694 -0.12030 -0.40696
   0.45964 -0.11784 -0.40021
   0.48291 -0.11504 -0.39491
   0.50675 -0.11189 -0.39075
   0.53117 -0.10840 -0.38745
   0.55616 -0.10456 -0.38483
   0.58173 -0.10038 -0.38272
   0.60787 -0.09585 -0.38099
   0.63459 -0.09098 -0.37956
   0.66188 -0.08576 -0.37835
   0.68974 -0.08019 -0.37731
   0.71818 -0.07426 -0.37638
   0.74720 -0.06796 -0.37554
   0.77679 -0.06130 -0.37476
   0.80695 -0.05425 -0.37402
   0.83769 -0.04680 -0.37331
   0.86900 -0.03893 -0.37260
   0.90089 -0.03061 -0.37188
   0.93335 -0.02183 -0.37114
   0.96639 -0.01253 -0.37036
   1.00000 -0.00268 -0.36930
