NACA13                                          
 Alfa =   0.00000 Re =    20000.000 Xflap,Yflap =     0.000000    0.000000
#    x        y        Cp  
   1.00000  0.00265 -0.36281
   0.96639  0.01237 -0.36389
   0.93335  0.02155 -0.36469
   0.90089  0.03022 -0.36546
   0.86900  0.03843 -0.36620
   0.83769  0.04620 -0.36693
   0.80695  0.05356 -0.36768
   0.77679  0.06052 -0.36846
   0.74720  0.06710 -0.36928
   0.71818  0.07331 -0.37017
   0.68974  0.07917 -0.37115
   0.66188  0.08467 -0.37227
   0.63459  0.08982 -0.37357
   0.60787  0.09464 -0.37511
   0.58173  0.09911 -0.37696
   0.55616  0.10324 -0.37922
   0.53117  0.10702 -0.38203
   0.50675  0.11047 -0.38555
   0.48291  0.11358 -0.38999
   0.45964  0.11635 -0.39562
   0.43694  0.11877 -0.40276
   0.41482  0.12086 -0.41185
   0.39328  0.12260 -0.42339
   0.37231  0.12400 -0.43792
   0.35191  0.12507 -0.45584
   0.33209  0.12580 -0.47701
   0.31284  0.12619 -0.50140
   0.29417  0.12625 -0.52903
   0.27607  0.12599 -0.55889
   0.25855  0.12541 -0.58947
   0.24160  0.12451 -0.61923
   0.22522  0.12330 -0.64691
   0.20942  0.12179 -0.67151
   0.19420  0.11998 -0.69232
   0.17955  0.11789 -0.70886
   0.16547  0.11552 -0.72053
   0.15197  0.11287 -0.72704
   0.13904  0.10997 -0.72810
   0.12669  0.10682 -0.72311
   0.11491  0.10343 -0.71164
   0.10371  0.09981 -0.69338
   0.09308  0.09597 -0.66761
   0.08302  0.09193 -0.63379
   0.07354  0.08768 -0.59087
   0.06464  0.08324 -0.53814
   0.05631  0.07863 -0.47540
   0.04855  0.07385 -0.40120
   0.04137  0.06891 -0.31524
   0.03476  0.06382 -0.21623
   0.02873  0.05860 -0.10512
   0.02327  0.05323  0.01860
   0.01839  0.04775  0.15296
   0.01408  0.04214  0.29486
   0.01034  0.03642  0.44079
   0.00718  0.03060  0.58431
   0.00460  0.02467  0.71809
   0.00258  0.01864  0.83399
   0.00115  0.01252  0.92373
   0.00029  0.00631  0.98055
   0.00000  0.00000  1.00003
   0.00029 -0.00631  0.98052
   0.00115 -0.01252  0.92376
   0.00258 -0.01864  0.83404
   0.00460 -0.02467  0.71815
   0.00718 -0.03060  0.58431
   0.01034 -0.03642  0.44072
   0.01408 -0.04214  0.29487
   0.01839 -0.04775  0.15281
   0.02327 -0.05323  0.01855
   0.02873 -0.05860 -0.10495
   0.03476 -0.06382 -0.21620
   0.04137 -0.06891 -0.31506
   0.04855 -0.07385 -0.40109
   0.05631 -0.07863 -0.47549
   0.06464 -0.08324 -0.53829
   0.07354 -0.08768 -0.59085
   0.08302 -0.09193 -0.63377
   0.09308 -0.09597 -0.66768
   0.10371 -0.09981 -0.69337
   0.11491 -0.10343 -0.71170
   0.12669 -0.10682 -0.72310
   0.13904 -0.10997 -0.72811
   0.15197 -0.11287 -0.72702
   0.16547 -0.11552 -0.72052
   0.17955 -0.11789 -0.70886
   0.19420 -0.11998 -0.69231
   0.20942 -0.12179 -0.67151
   0.22522 -0.12330 -0.64691
   0.24160 -0.12451 -0.61922
   0.25855 -0.12541 -0.58947
   0.27607 -0.12599 -0.55889
   0.29417 -0.12625 -0.52902
   0.31284 -0.12619 -0.50140
   0.33209 -0.12580 -0.47700
   0.35191 -0.12507 -0.45584
   0.37231 -0.12400 -0.43792
   0.39328 -0.12260 -0.42339
   0.41482 -0.12086 -0.41185
   0.43694 -0.11877 -0.40276
   0.45964 -0.11635 -0.39562
   0.48291 -0.11358 -0.38999
   0.50675 -0.11047 -0.38555
   0.53117 -0.10702 -0.38203
   0.55616 -0.10324 -0.37922
   0.58173 -0.09911 -0.37696
   0.60787 -0.09464 -0.37511
   0.63459 -0.08982 -0.37357
   0.66188 -0.08467 -0.37227
   0.68974 -0.07917 -0.37115
   0.71818 -0.07331 -0.37017
   0.74720 -0.06710 -0.36928
   0.77679 -0.06052 -0.36846
   0.80695 -0.05356 -0.36768
   0.83769 -0.04620 -0.36693
   0.86900 -0.03843 -0.36620
   0.90089 -0.03022 -0.36546
   0.93335 -0.02155 -0.36469
   0.96639 -0.01237 -0.36389
   1.00000 -0.00265 -0.36281
