NACA14                                          
 Alfa =   0.00000 Re =    20000.000 Xflap,Yflap =     0.000000    0.000000
#    x        y        Cp  
   1.00000  0.00262 -0.35637
   0.96639  0.01222 -0.35748
   0.93335  0.02128 -0.35830
   0.90089  0.02985 -0.35909
   0.86900  0.03795 -0.35985
   0.83769  0.04563 -0.36062
   0.80695  0.05289 -0.36140
   0.77679  0.05976 -0.36221
   0.74720  0.06626 -0.36308
   0.71818  0.07240 -0.36403
   0.68974  0.07818 -0.36508
   0.66188  0.08361 -0.36627
   0.63459  0.08870 -0.36766
   0.60787  0.09345 -0.36931
   0.58173  0.09787 -0.37129
   0.55616  0.10194 -0.37372
   0.53117  0.10568 -0.37672
   0.50675  0.10909 -0.38048
   0.48291  0.11216 -0.38520
   0.45964  0.11489 -0.39116
   0.43694  0.11729 -0.39871
   0.41482  0.11934 -0.40827
   0.39328  0.12106 -0.42035
   0.37231  0.12245 -0.43545
   0.35191  0.12350 -0.45389
   0.33209  0.12422 -0.47539
   0.31284  0.12461 -0.50011
   0.29417  0.12467 -0.52785
   0.27607  0.12441 -0.55752
   0.25855  0.12384 -0.58768
   0.24160  0.12295 -0.61684
   0.22522  0.12175 -0.64387
   0.20942  0.12026 -0.66785
   0.19420  0.11848 -0.68812
   0.17955  0.11641 -0.70422
   0.16547  0.11407 -0.71556
   0.15197  0.11146 -0.72202
   0.13904  0.10859 -0.72306
   0.12669  0.10548 -0.71823
   0.11491  0.10214 -0.70718
   0.10371  0.09856 -0.68956
   0.09308  0.09477 -0.66435
   0.08302  0.09077 -0.63128
   0.07354  0.08658 -0.58939
   0.06464  0.08220 -0.53793
   0.05631  0.07765 -0.47627
   0.04855  0.07293 -0.40350
   0.04137  0.06805 -0.31857
   0.03476  0.06303 -0.22106
   0.02873  0.05786 -0.11084
   0.02327  0.05257  0.01195
   0.01839  0.04715  0.14575
   0.01408  0.04161  0.28769
   0.01034  0.03597  0.43414
   0.00718  0.03021  0.57890
   0.00460  0.02436  0.71384
   0.00258  0.01841  0.83139
   0.00115  0.01236  0.92241
   0.00029  0.00623  0.98013
   0.00000  0.00000  1.00003
   0.00029 -0.00623  0.98021
   0.00115 -0.01236  0.92238
   0.00258 -0.01841  0.83141
   0.00460 -0.02436  0.71390
   0.00718 -0.03021  0.57867
   0.01034 -0.03597  0.43406
   0.01408 -0.04161  0.28783
   0.01839 -0.04715  0.14573
   0.02327 -0.05257  0.01186
   0.02873 -0.05786 -0.11076
   0.03476 -0.06303 -0.22114
   0.04137 -0.06805 -0.31842
   0.04855 -0.07293 -0.40333
   0.05631 -0.07765 -0.47630
   0.06464 -0.08220 -0.53802
   0.07354 -0.08658 -0.58941
   0.08302 -0.09077 -0.63130
   0.09308 -0.09477 -0.66442
   0.10371 -0.09856 -0.68953
   0.11491 -0.10214 -0.70726
   0.12669 -0.10548 -0.71821
   0.13904 -0.10859 -0.72306
   0.15197 -0.11146 -0.72200
   0.16547 -0.11407 -0.71557
   0.17955 -0.11641 -0.70421
   0.19420 -0.11848 -0.68812
   0.20942 -0.12026 -0.66784
   0.22522 -0.12175 -0.64386
   0.24160 -0.12295 -0.61683
   0.25855 -0.12384 -0.58768
   0.27607 -0.12441 -0.55753
   0.29417 -0.12467 -0.52785
   0.31284 -0.12461 -0.50011
   0.33209 -0.12422 -0.47539
   0.35191 -0.12350 -0.45389
   0.37231 -0.12245 -0.43545
   0.39328 -0.12106 -0.42035
   0.41482 -0.11934 -0.40827
   0.43694 -0.11729 -0.39871
   0.45964 -0.11489 -0.39116
   0.48291 -0.11216 -0.38520
   0.50675 -0.10909 -0.38048
   0.53117 -0.10568 -0.37673
   0.55616 -0.10194 -0.37372
   0.58173 -0.09787 -0.37129
   0.60787 -0.09345 -0.36931
   0.63459 -0.08870 -0.36766
   0.66188 -0.08361 -0.36627
   0.68974 -0.07818 -0.36508
   0.71818 -0.07240 -0.36403
   0.74720 -0.06626 -0.36308
   0.77679 -0.05976 -0.36221
   0.80695 -0.05289 -0.36140
   0.83769 -0.04563 -0.36062
   0.86900 -0.03795 -0.35985
   0.90089 -0.02985 -0.35909
   0.93335 -0.02128 -0.35830
   0.96639 -0.01222 -0.35748
   1.00000 -0.00262 -0.35637
