NACA15                                          
 Alfa =   0.00000 Re =    20000.000 Xflap,Yflap =     0.000000    0.000000
#    x        y        Cp  
   1.00000  0.00258 -0.34999
   0.96639  0.01206 -0.35112
   0.93335  0.02101 -0.35196
   0.90089  0.02948 -0.35278
   0.86900  0.03748 -0.35357
   0.83769  0.04506 -0.35437
   0.80695  0.05223 -0.35518
   0.77679  0.05902 -0.35604
   0.74720  0.06544 -0.35695
   0.71818  0.07150 -0.35795
   0.68974  0.07721 -0.35907
   0.66188  0.08258 -0.36035
   0.63459  0.08760 -0.36183
   0.60787  0.09229 -0.36360
   0.58173  0.09665 -0.36572
   0.55616  0.10068 -0.36832
   0.53117  0.10438 -0.37153
   0.50675  0.10774 -0.37553
   0.48291  0.11077 -0.38054
   0.45964  0.11347 -0.38685
   0.43694  0.11583 -0.39481
   0.41482  0.11787 -0.40485
   0.39328  0.11957 -0.41747
   0.37231  0.12094 -0.43313
   0.35191  0.12197 -0.45204
   0.33209  0.12268 -0.47387
   0.31284  0.12307 -0.49888
   0.29417  0.12313 -0.52669
   0.27607  0.12287 -0.55615
   0.25855  0.12230 -0.58581
   0.24160  0.12143 -0.61441
   0.22522  0.12025 -0.64079
   0.20942  0.11877 -0.66416
   0.19420  0.11701 -0.68392
   0.17955  0.11497 -0.69955
   0.16547  0.11266 -0.71075
   0.15197  0.11008 -0.71701
   0.13904  0.10725 -0.71808
   0.12669  0.10418 -0.71345
   0.11491  0.10087 -0.70283
   0.10371  0.09734 -0.68553
   0.09308  0.09360 -0.66105
   0.08302  0.08965 -0.62886
   0.07354  0.08551 -0.58789
   0.06464  0.08118 -0.53735
   0.05631  0.07669 -0.47704
   0.04855  0.07203 -0.40563
   0.04137  0.06721 -0.32179
   0.03476  0.06225 -0.22553
   0.02873  0.05715 -0.11650
   0.02327  0.05192  0.00531
   0.01839  0.04656  0.13860
   0.01408  0.04110  0.28071
   0.01034  0.03552  0.42769
   0.00718  0.02984  0.57316
   0.00460  0.02406  0.70963
   0.00258  0.01818  0.82866
   0.00115  0.01221  0.92106
   0.00029  0.00615  0.97982
   0.00000  0.00000  1.00003
   0.00029 -0.00615  0.97985
   0.00115 -0.01221  0.92108
   0.00258 -0.01818  0.82855
   0.00460 -0.02406  0.70975
   0.00718 -0.02984  0.57320
   0.01034 -0.03552  0.42742
   0.01408 -0.04110  0.28067
   0.01839 -0.04656  0.13868
   0.02327 -0.05192  0.00549
   0.02873 -0.05715 -0.11644
   0.03476 -0.06225 -0.22568
   0.04137 -0.06721 -0.32178
   0.04855 -0.07203 -0.40544
   0.05631 -0.07669 -0.47706
   0.06464 -0.08118 -0.53755
   0.07354 -0.08551 -0.58791
   0.08302 -0.08965 -0.62883
   0.09308 -0.09360 -0.66113
   0.10371 -0.09734 -0.68548
   0.11491 -0.10087 -0.70286
   0.12669 -0.10418 -0.71346
   0.13904 -0.10725 -0.71806
   0.15197 -0.11008 -0.71702
   0.16547 -0.11266 -0.71074
   0.17955 -0.11497 -0.69957
   0.19420 -0.11701 -0.68391
   0.20942 -0.11877 -0.66415
   0.22522 -0.12025 -0.64080
   0.24160 -0.12143 -0.61441
   0.25855 -0.12230 -0.58581
   0.27607 -0.12287 -0.55614
   0.29417 -0.12313 -0.52669
   0.31284 -0.12307 -0.49888
   0.33209 -0.12268 -0.47387
   0.35191 -0.12197 -0.45204
   0.37231 -0.12094 -0.43313
   0.39328 -0.11957 -0.41747
   0.41482 -0.11787 -0.40485
   0.43694 -0.11583 -0.39481
   0.45964 -0.11347 -0.38685
   0.48291 -0.11077 -0.38054
   0.50675 -0.10774 -0.37553
   0.53117 -0.10438 -0.37153
   0.55616 -0.10068 -0.36832
   0.58173 -0.09665 -0.36572
   0.60787 -0.09229 -0.36360
   0.63459 -0.08760 -0.36183
   0.66188 -0.08258 -0.36035
   0.68974 -0.07721 -0.35907
   0.71818 -0.07150 -0.35795
   0.74720 -0.06544 -0.35695
   0.77679 -0.05902 -0.35604
   0.80695 -0.05223 -0.35518
   0.83769 -0.04506 -0.35437
   0.86900 -0.03748 -0.35357
   0.90089 -0.02948 -0.35278
   0.93335 -0.02101 -0.35196
   0.96639 -0.01206 -0.35112
   1.00000 -0.00258 -0.34999
