NACA16                                          
 Alfa =   0.00000 Re =    20000.000 Xflap,Yflap =     0.000000    0.000000
#    x        y        Cp  
   1.00000  0.00255 -0.34366
   0.96639  0.01192 -0.34481
   0.93335  0.02076 -0.34568
   0.90089  0.02912 -0.34652
   0.86900  0.03703 -0.34734
   0.83769  0.04451 -0.34817
   0.80695  0.05160 -0.34902
   0.77679  0.05830 -0.34992
   0.74720  0.06464 -0.35089
   0.71818  0.07063 -0.35195
   0.68974  0.07626 -0.35314
   0.66188  0.08157 -0.35450
   0.63459  0.08653 -0.35609
   0.60787  0.09117 -0.35797
   0.58173  0.09547 -0.36024
   0.55616  0.09945 -0.36302
   0.53117  0.10310 -0.36644
   0.50675  0.10642 -0.37070
   0.48291  0.10942 -0.37601
   0.45964  0.11208 -0.38268
   0.43694  0.11442 -0.39106
   0.41482  0.11643 -0.40159
   0.39328  0.11811 -0.41476
   0.37231  0.11946 -0.43096
   0.35191  0.12048 -0.45027
   0.33209  0.12118 -0.47244
   0.31284  0.12156 -0.49771
   0.29417  0.12162 -0.52553
   0.27607  0.12137 -0.55472
   0.25855  0.12081 -0.58392
   0.24160  0.11994 -0.61193
   0.22522  0.11878 -0.63768
   0.20942  0.11732 -0.66044
   0.19420  0.11558 -0.67974
   0.17955  0.11356 -0.69496
   0.16547  0.11128 -0.70588
   0.15197  0.10873 -0.71198
   0.13904  0.10594 -0.71314
   0.12669  0.10290 -0.70875
   0.11491  0.09964 -0.69833
   0.10371  0.09615 -0.68160
   0.09308  0.09245 -0.65770
   0.08302  0.08855 -0.62632
   0.07354  0.08446 -0.58621
   0.06464  0.08019 -0.53702
   0.05631  0.07575 -0.47773
   0.04855  0.07114 -0.40741
   0.04137  0.06639 -0.32501
   0.03476  0.06148 -0.22985
   0.02873  0.05645 -0.12186
   0.02327  0.05128 -0.00108
   0.01839  0.04600  0.13174
   0.01408  0.04059  0.27381
   0.01034  0.03509  0.42109
   0.00718  0.02947  0.56756
   0.00460  0.02376  0.70540
   0.00258  0.01796  0.82585
   0.00115  0.01206  0.91976
   0.00029  0.00607  0.97945
   0.00000  0.00000  1.00003
   0.00029 -0.00607  0.97944
   0.00115 -0.01206  0.91977
   0.00258 -0.01796  0.82592
   0.00460 -0.02376  0.70542
   0.00718 -0.02947  0.56751
   0.01034 -0.03509  0.42114
   0.01408 -0.04059  0.27373
   0.01839 -0.04600  0.13165
   0.02327 -0.05128 -0.00090
   0.02873 -0.05645 -0.12180
   0.03476 -0.06148 -0.22994
   0.04137 -0.06639 -0.32512
   0.04855 -0.07114 -0.40730
   0.05631 -0.07575 -0.47767
   0.06464 -0.08019 -0.53723
   0.07354 -0.08446 -0.58625
   0.08302 -0.08855 -0.62630
   0.09308 -0.09245 -0.65778
   0.10371 -0.09615 -0.68153
   0.11491 -0.09964 -0.69838
   0.12669 -0.10290 -0.70875
   0.13904 -0.10594 -0.71314
   0.15197 -0.10873 -0.71200
   0.16547 -0.11128 -0.70588
   0.17955 -0.11356 -0.69497
   0.19420 -0.11558 -0.67973
   0.20942 -0.11732 -0.66044
   0.22522 -0.11878 -0.63768
   0.24160 -0.11994 -0.61193
   0.25855 -0.12081 -0.58392
   0.27607 -0.12137 -0.55473
   0.29417 -0.12162 -0.52553
   0.31284 -0.12156 -0.49771
   0.33209 -0.12118 -0.47244
   0.35191 -0.12048 -0.45027
   0.37231 -0.11946 -0.43096
   0.39328 -0.11811 -0.41476
   0.41482 -0.11643 -0.40159
   0.43694 -0.11442 -0.39106
   0.45964 -0.11208 -0.38268
   0.48291 -0.10942 -0.37601
   0.50675 -0.10642 -0.37070
   0.53117 -0.10310 -0.36644
   0.55616 -0.09945 -0.36302
   0.58173 -0.09547 -0.36024
   0.60787 -0.09117 -0.35797
   0.63459 -0.08653 -0.35609
   0.66188 -0.08157 -0.35450
   0.68974 -0.07626 -0.35314
   0.71818 -0.07063 -0.35195
   0.74720 -0.06464 -0.35089
   0.77679 -0.05830 -0.34992
   0.80695 -0.05160 -0.34902
   0.83769 -0.04451 -0.34817
   0.86900 -0.03703 -0.34734
   0.90089 -0.02912 -0.34652
   0.93335 -0.02076 -0.34568
   0.96639 -0.01192 -0.34481
   1.00000 -0.00255 -0.34366
