NACA17                                          
 Alfa =   0.00000 Re =    20000.000 Xflap,Yflap =     0.000000    0.000000
#    x        y        Cp  
   1.00000  0.00252 -0.33738
   0.96639  0.01177 -0.33856
   0.93335  0.02051 -0.33945
   0.90089  0.02877 -0.34032
   0.86900  0.03658 -0.34117
   0.83769  0.04397 -0.34204
   0.80695  0.05097 -0.34293
   0.77679  0.05760 -0.34387
   0.74720  0.06386 -0.34489
   0.71818  0.06977 -0.34602
   0.68974  0.07534 -0.34728
   0.66188  0.08058 -0.34873
   0.63459  0.08549 -0.35043
   0.60787  0.09007 -0.35244
   0.58173  0.09432 -0.35487
   0.55616  0.09825 -0.35783
   0.53117  0.10186 -0.36147
   0.50675  0.10514 -0.36599
   0.48291  0.10809 -0.37162
   0.45964  0.11073 -0.37865
   0.43694  0.11304 -0.38746
   0.41482  0.11502 -0.39849
   0.39328  0.11668 -0.41219
   0.37231  0.11801 -0.42891
   0.35191  0.11903 -0.44859
   0.33209  0.11972 -0.47109
   0.31284  0.12009 -0.49657
   0.29417  0.12016 -0.52435
   0.27607  0.11991 -0.55324
   0.25855  0.11935 -0.58198
   0.24160  0.11849 -0.60935
   0.22522  0.11734 -0.63450
   0.20942  0.11591 -0.65675
   0.19420  0.11418 -0.67549
   0.17955  0.11219 -0.69041
   0.16547  0.10994 -0.70101
   0.15197  0.10742 -0.70707
   0.13904  0.10466 -0.70820
   0.12669  0.10166 -0.70398
   0.11491  0.09843 -0.69385
   0.10371  0.09499 -0.67765
   0.09308  0.09134 -0.65443
   0.08302  0.08748 -0.62362
   0.07354  0.08344 -0.58458
   0.06464  0.07922 -0.53644
   0.05631  0.07483 -0.47811
   0.04855  0.07028 -0.40919
   0.04137  0.06559 -0.32811
   0.03476  0.06074 -0.23426
   0.02873  0.05577 -0.12722
   0.02327  0.05066 -0.00709
   0.01839  0.04544  0.12503
   0.01408  0.04011  0.26680
   0.01034  0.03466  0.41470
   0.00718  0.02912  0.56196
   0.00460  0.02348  0.70119
   0.00258  0.01774  0.82311
   0.00115  0.01192  0.91844
   0.00029  0.00600  0.97910
   0.00000  0.00000  1.00003
   0.00029 -0.00600  0.97911
   0.00115 -0.01192  0.91841
   0.00258 -0.01774  0.82322
   0.00460 -0.02348  0.70121
   0.00718 -0.02912  0.56191
   0.01034 -0.03466  0.41462
   0.01408 -0.04011  0.26681
   0.01839 -0.04544  0.12505
   0.02327 -0.05066 -0.00709
   0.02873 -0.05577 -0.12712
   0.03476 -0.06074 -0.23430
   0.04137 -0.06559 -0.32799
   0.04855 -0.07028 -0.40903
   0.05631 -0.07483 -0.47818
   0.06464 -0.07922 -0.53658
   0.07354 -0.08344 -0.58459
   0.08302 -0.08748 -0.62365
   0.09308 -0.09134 -0.65449
   0.10371 -0.09499 -0.67765
   0.11491 -0.09843 -0.69390
   0.12669 -0.10166 -0.70397
   0.13904 -0.10466 -0.70820
   0.15197 -0.10742 -0.70707
   0.16547 -0.10994 -0.70101
   0.17955 -0.11219 -0.69041
   0.19420 -0.11418 -0.67548
   0.20942 -0.11591 -0.65675
   0.22522 -0.11734 -0.63450
   0.24160 -0.11849 -0.60934
   0.25855 -0.11935 -0.58198
   0.27607 -0.11991 -0.55324
   0.29417 -0.12016 -0.52435
   0.31284 -0.12009 -0.49657
   0.33209 -0.11972 -0.47109
   0.35191 -0.11903 -0.44859
   0.37231 -0.11801 -0.42891
   0.39328 -0.11668 -0.41219
   0.41482 -0.11502 -0.39849
   0.43694 -0.11304 -0.38746
   0.45964 -0.11073 -0.37865
   0.48291 -0.10809 -0.37162
   0.50675 -0.10514 -0.36599
   0.53117 -0.10186 -0.36147
   0.55616 -0.09825 -0.35783
   0.58173 -0.09432 -0.35487
   0.60787 -0.09007 -0.35244
   0.63459 -0.08549 -0.35043
   0.66188 -0.08058 -0.34873
   0.68974 -0.07534 -0.34728
   0.71818 -0.06977 -0.34602
   0.74720 -0.06386 -0.34489
   0.77679 -0.05760 -0.34387
   0.80695 -0.05097 -0.34293
   0.83769 -0.04397 -0.34204
   0.86900 -0.03658 -0.34117
   0.90089 -0.02877 -0.34032
   0.93335 -0.02051 -0.33945
   0.96639 -0.01177 -0.33856
   1.00000 -0.00252 -0.33738
