NACA18                                          
 Alfa =   0.00000 Re =    20000.000 Xflap,Yflap =     0.000000    0.000000
#    x        y        Cp  
   1.00000  0.00249 -0.33115
   0.96639  0.01163 -0.33236
   0.93335  0.02026 -0.33328
   0.90089  0.02842 -0.33418
   0.86900  0.03614 -0.33506
   0.83769  0.04345 -0.33596
   0.80695  0.05037 -0.33690
   0.77679  0.05691 -0.33789
   0.74720  0.06310 -0.33897
   0.71818  0.06894 -0.34016
   0.68974  0.07445 -0.34150
   0.66188  0.07962 -0.34304
   0.63459  0.08447 -0.34485
   0.60787  0.08899 -0.34700
   0.58173  0.09319 -0.34959
   0.55616  0.09708 -0.35274
   0.53117  0.10064 -0.35661
   0.50675  0.10388 -0.36140
   0.48291  0.10681 -0.36735
   0.45964  0.10941 -0.37477
   0.43694  0.11169 -0.38403
   0.41482  0.11365 -0.39556
   0.39328  0.11529 -0.40978
   0.37231  0.11661 -0.42700
   0.35191  0.11761 -0.44699
   0.33209  0.11829 -0.46982
   0.31284  0.11866 -0.49546
   0.29417  0.11872 -0.52314
   0.27607  0.11848 -0.55173
   0.25855  0.11793 -0.57992
   0.24160  0.11708 -0.60675
   0.22522  0.11594 -0.63130
   0.20942  0.11452 -0.65302
   0.19420  0.11282 -0.67131
   0.17955  0.11085 -0.68583
   0.16547  0.10862 -0.69621
   0.15197  0.10614 -0.70219
   0.13904  0.10341 -0.70331
   0.12669  0.10045 -0.69922
   0.11491  0.09726 -0.68953
   0.10371  0.09386 -0.67367
   0.09308  0.09025 -0.65107
   0.08302  0.08644 -0.62112
   0.07354  0.08245 -0.58285
   0.06464  0.07828 -0.53558
   0.05631  0.07394 -0.47868
   0.04855  0.06945 -0.41082
   0.04137  0.06480 -0.33094
   0.03476  0.06002 -0.23821
   0.02873  0.05510 -0.13239
   0.02327  0.05006 -0.01315
   0.01839  0.04490  0.11847
   0.01408  0.03963  0.26010
   0.01034  0.03425  0.40827
   0.00718  0.02877  0.55641
   0.00460  0.02320  0.69688
   0.00258  0.01753  0.82043
   0.00115  0.01177  0.91700
   0.00029  0.00593  0.97877
   0.00000  0.00000  1.00003
   0.00029 -0.00593  0.97878
   0.00115 -0.01177  0.91707
   0.00258 -0.01753  0.82039
   0.00460 -0.02320  0.69699
   0.00718 -0.02877  0.55648
   0.01034 -0.03425  0.40809
   0.01408 -0.03963  0.26011
   0.01839 -0.04490  0.11846
   0.02327 -0.05006 -0.01323
   0.02873 -0.05510 -0.13219
   0.03476 -0.06002 -0.23828
   0.04137 -0.06480 -0.33087
   0.04855 -0.06945 -0.41072
   0.05631 -0.07394 -0.47875
   0.06464 -0.07828 -0.53572
   0.07354 -0.08245 -0.58289
   0.08302 -0.08644 -0.62110
   0.09308 -0.09025 -0.65109
   0.10371 -0.09386 -0.67364
   0.11491 -0.09726 -0.68956
   0.12669 -0.10045 -0.69924
   0.13904 -0.10341 -0.70329
   0.15197 -0.10614 -0.70221
   0.16547 -0.10862 -0.69619
   0.17955 -0.11085 -0.68582
   0.19420 -0.11282 -0.67130
   0.20942 -0.11452 -0.65300
   0.22522 -0.11594 -0.63130
   0.24160 -0.11708 -0.60674
   0.25855 -0.11793 -0.57992
   0.27607 -0.11848 -0.55173
   0.29417 -0.11872 -0.52314
   0.31284 -0.11866 -0.49546
   0.33209 -0.11829 -0.46982
   0.35191 -0.11761 -0.44699
   0.37231 -0.11661 -0.42700
   0.39328 -0.11529 -0.40979
   0.41482 -0.11365 -0.39556
   0.43694 -0.11169 -0.38403
   0.45964 -0.10941 -0.37477
   0.48291 -0.10681 -0.36735
   0.50675 -0.10388 -0.36140
   0.53117 -0.10064 -0.35661
   0.55616 -0.09708 -0.35274
   0.58173 -0.09319 -0.34959
   0.60787 -0.08899 -0.34700
   0.63459 -0.08447 -0.34485
   0.66188 -0.07962 -0.34304
   0.68974 -0.07445 -0.34150
   0.71818 -0.06894 -0.34016
   0.74720 -0.06310 -0.33897
   0.77679 -0.05691 -0.33789
   0.80695 -0.05037 -0.33690
   0.83769 -0.04345 -0.33596
   0.86900 -0.03614 -0.33506
   0.90089 -0.02842 -0.33418
   0.93335 -0.02026 -0.33328
   0.96639 -0.01163 -0.33236
   1.00000 -0.00249 -0.33115
