NACA19                                          
 Alfa =   0.00000 Re =    20000.000 Xflap,Yflap =     0.000000    0.000000
#    x        y        Cp  
   1.00000  0.00246 -0.32498
   0.96639  0.01150 -0.32621
   0.93335  0.02002 -0.32716
   0.90089  0.02809 -0.32809
   0.86900  0.03571 -0.32901
   0.83769  0.04294 -0.32994
   0.80695  0.04977 -0.33092
   0.77679  0.05624 -0.33196
   0.74720  0.06236 -0.33310
   0.71818  0.06813 -0.33436
   0.68974  0.07357 -0.33579
   0.66188  0.07868 -0.33743
   0.63459  0.08347 -0.33936
   0.60787  0.08794 -0.34164
   0.58173  0.09210 -0.34440
   0.55616  0.09593 -0.34775
   0.53117  0.09945 -0.35186
   0.50675  0.10266 -0.35693
   0.48291  0.10555 -0.36321
   0.45964  0.10812 -0.37102
   0.43694  0.11037 -0.38072
   0.41482  0.11231 -0.39276
   0.39328  0.11393 -0.40750
   0.37231  0.11523 -0.42517
   0.35191  0.11622 -0.44547
   0.33209  0.11690 -0.46858
   0.31284  0.11726 -0.49434
   0.29417  0.11732 -0.52192
   0.27607  0.11708 -0.55012
   0.25855  0.11654 -0.57784
   0.24160  0.11570 -0.60407
   0.22522  0.11458 -0.62803
   0.20942  0.11317 -0.64918
   0.19420  0.11149 -0.66704
   0.17955  0.10955 -0.68127
   0.16547  0.10734 -0.69145
   0.15197  0.10489 -0.69723
   0.13904  0.10219 -0.69846
   0.12669  0.09927 -0.69453
   0.11491  0.09611 -0.68508
   0.10371  0.09275 -0.66966
   0.09308  0.08918 -0.64767
   0.08302  0.08542 -0.61832
   0.07354  0.08148 -0.58115
   0.06464  0.07735 -0.53484
   0.05631  0.07307 -0.47898
   0.04855  0.06863 -0.41226
   0.04137  0.06404 -0.33346
   0.03476  0.05931 -0.24214
   0.02873  0.05445 -0.13744
   0.02327  0.04947 -0.01907
   0.01839  0.04437  0.11192
   0.01408  0.03916  0.25343
   0.01034  0.03384  0.40206
   0.00718  0.02843  0.55083
   0.00460  0.02292  0.69260
   0.00258  0.01732  0.81778
   0.00115  0.01163  0.91569
   0.00029  0.00586  0.97835
   0.00000  0.00000  1.00002
   0.00029 -0.00586  0.97844
   0.00115 -0.01163  0.91570
   0.00258 -0.01732  0.81764
   0.00460 -0.02292  0.69279
   0.00718 -0.02843  0.55086
   0.01034 -0.03384  0.40178
   0.01408 -0.03916  0.25354
   0.01839 -0.04437  0.11182
   0.02327 -0.04947 -0.01909
   0.02873 -0.05445 -0.13742
   0.03476 -0.05931 -0.24214
   0.04137 -0.06404 -0.33340
   0.04855 -0.06863 -0.41206
   0.05631 -0.07307 -0.47899
   0.06464 -0.07735 -0.53492
   0.07354 -0.08148 -0.58120
   0.08302 -0.08542 -0.61834
   0.09308 -0.08918 -0.64773
   0.10371 -0.09275 -0.66965
   0.11491 -0.09611 -0.68511
   0.12669 -0.09927 -0.69452
   0.13904 -0.10219 -0.69846
   0.15197 -0.10489 -0.69726
   0.16547 -0.10734 -0.69146
   0.17955 -0.10955 -0.68129
   0.19420 -0.11149 -0.66705
   0.20942 -0.11317 -0.64918
   0.22522 -0.11458 -0.62803
   0.24160 -0.11570 -0.60407
   0.25855 -0.11654 -0.57784
   0.27607 -0.11708 -0.55012
   0.29417 -0.11732 -0.52191
   0.31284 -0.11726 -0.49434
   0.33209 -0.11690 -0.46858
   0.35191 -0.11622 -0.44547
   0.37231 -0.11523 -0.42518
   0.39328 -0.11393 -0.40750
   0.41482 -0.11231 -0.39276
   0.43694 -0.11037 -0.38073
   0.45964 -0.10812 -0.37102
   0.48291 -0.10555 -0.36321
   0.50675 -0.10266 -0.35693
   0.53117 -0.09945 -0.35186
   0.55616 -0.09593 -0.34775
   0.58173 -0.09210 -0.34440
   0.60787 -0.08794 -0.34164
   0.63459 -0.08347 -0.33936
   0.66188 -0.07868 -0.33743
   0.68974 -0.07357 -0.33579
   0.71818 -0.06813 -0.33436
   0.74720 -0.06236 -0.33310
   0.77679 -0.05624 -0.33196
   0.80695 -0.04977 -0.33092
   0.83769 -0.04294 -0.32994
   0.86900 -0.03571 -0.32901
   0.90089 -0.02809 -0.32809
   0.93335 -0.02002 -0.32716
   0.96639 -0.01150 -0.32621
   1.00000 -0.00246 -0.32498
