NACA2                                           
 Alfa =   0.00000 Re =    20000.000 Xflap,Yflap =     0.000000    0.000000
#    x        y        Cp  
   1.00000  0.00308 -0.43791
   0.96639  0.01438 -0.43882
   0.93335  0.02504 -0.43944
   0.90089  0.03513 -0.44003
   0.86900  0.04467 -0.44057
   0.83769  0.05370 -0.44108
   0.80695  0.06225 -0.44156
   0.77679  0.07034 -0.44204
   0.74720  0.07799 -0.44251
   0.71818  0.08521 -0.44298
   0.68974  0.09201 -0.44346
   0.66188  0.09841 -0.44398
   0.63459  0.10440 -0.44455
   0.60787  0.10999 -0.44520
   0.58173  0.11518 -0.44596
   0.55616  0.11998 -0.44690
   0.53117  0.12439 -0.44808
   0.50675  0.12839 -0.44960
   0.48291  0.13201 -0.45159
   0.45964  0.13522 -0.45423
   0.43694  0.13804 -0.45775
   0.41482  0.14046 -0.46247
   0.39328  0.14249 -0.46878
   0.37231  0.14412 -0.47724
   0.35191  0.14536 -0.48854
   0.33209  0.14620 -0.50350
   0.31284  0.14666 -0.52289
   0.29417  0.14673 -0.54682
   0.27607  0.14643 -0.57515
   0.25855  0.14575 -0.60789
   0.24160  0.14470 -0.64320
   0.22522  0.14330 -0.67844
   0.20942  0.14154 -0.71110
   0.19420  0.13944 -0.73929
   0.17955  0.13701 -0.76160
   0.16547  0.13425 -0.77736
   0.15197  0.13118 -0.78566
   0.13904  0.12781 -0.78615
   0.12669  0.12415 -0.77855
   0.11491  0.12021 -0.76201
   0.10371  0.11600 -0.73659
   0.09308  0.11154 -0.70136
   0.08302  0.10684 -0.65620
   0.07354  0.10190 -0.60025
   0.06464  0.09675 -0.53342
   0.05631  0.09139 -0.45514
   0.04855  0.08583 -0.36543
   0.04137  0.08009 -0.26400
   0.03476  0.07418 -0.15164
   0.02873  0.06810 -0.02893
   0.02327  0.06187  0.10229
   0.01839  0.05549  0.23943
   0.01408  0.04898  0.37883
   0.01034  0.04233  0.51673
   0.00718  0.03556  0.64713
   0.00460  0.02867  0.76456
   0.00258  0.02167  0.86316
   0.00115  0.01455  0.93768
   0.00029  0.00733  0.98417
   0.00000  0.00000  1.00003
   0.00029 -0.00733  0.98421
   0.00115 -0.01455  0.93771
   0.00258 -0.02167  0.86308
   0.00460 -0.02867  0.76464
   0.00718 -0.03556  0.64711
   0.01034 -0.04233  0.51669
   0.01408 -0.04898  0.37894
   0.01839 -0.05549  0.23936
   0.02327 -0.06187  0.10223
   0.02873 -0.06810 -0.02882
   0.03476 -0.07418 -0.15161
   0.04137 -0.08009 -0.26403
   0.04855 -0.08583 -0.36534
   0.05631 -0.09139 -0.45522
   0.06464 -0.09675 -0.53357
   0.07354 -0.10190 -0.60031
   0.08302 -0.10684 -0.65611
   0.09308 -0.11154 -0.70144
   0.10371 -0.11600 -0.73652
   0.11491 -0.12021 -0.76207
   0.12669 -0.12415 -0.77857
   0.13904 -0.12781 -0.78615
   0.15197 -0.13118 -0.78565
   0.16547 -0.13425 -0.77734
   0.17955 -0.13701 -0.76162
   0.19420 -0.13944 -0.73927
   0.20942 -0.14154 -0.71110
   0.22522 -0.14330 -0.67845
   0.24160 -0.14470 -0.64320
   0.25855 -0.14575 -0.60789
   0.27607 -0.14643 -0.57515
   0.29417 -0.14673 -0.54682
   0.31284 -0.14666 -0.52289
   0.33209 -0.14620 -0.50350
   0.35191 -0.14536 -0.48854
   0.37231 -0.14412 -0.47724
   0.39328 -0.14249 -0.46878
   0.41482 -0.14046 -0.46247
   0.43694 -0.13804 -0.45775
   0.45964 -0.13522 -0.45423
   0.48291 -0.13201 -0.45159
   0.50675 -0.12839 -0.44960
   0.53117 -0.12439 -0.44808
   0.55616 -0.11998 -0.44690
   0.58173 -0.11518 -0.44596
   0.60787 -0.10999 -0.44520
   0.63459 -0.10440 -0.44455
   0.66188 -0.09841 -0.44398
   0.68974 -0.09201 -0.44346
   0.71818 -0.08521 -0.44298
   0.74720 -0.07799 -0.44251
   0.77679 -0.07034 -0.44204
   0.80695 -0.06225 -0.44156
   0.83769 -0.05370 -0.44108
   0.86900 -0.04467 -0.44057
   0.90089 -0.03513 -0.44003
   0.93335 -0.02504 -0.43944
   0.96639 -0.01438 -0.43882
   1.00000 -0.00308 -0.43791
