NACA20                                          
 Alfa =   0.00000 Re =    20000.000 Xflap,Yflap =     0.000000    0.000000
#    x        y        Cp  
   1.00000  0.00243 -0.31885
   0.96639  0.01136 -0.32011
   0.93335  0.01979 -0.32109
   0.90089  0.02776 -0.32205
   0.86900  0.03530 -0.32301
   0.83769  0.04244 -0.32398
   0.80695  0.04919 -0.32501
   0.77679  0.05558 -0.32610
   0.74720  0.06163 -0.32730
   0.71818  0.06733 -0.32863
   0.68974  0.07271 -0.33015
   0.66188  0.07776 -0.33189
   0.63459  0.08250 -0.33394
   0.60787  0.08692 -0.33638
   0.58173  0.09102 -0.33931
   0.55616  0.09482 -0.34287
   0.53117  0.09830 -0.34722
   0.50675  0.10146 -0.35258
   0.48291  0.10432 -0.35920
   0.45964  0.10686 -0.36740
   0.43694  0.10909 -0.37756
   0.41482  0.11100 -0.39009
   0.39328  0.11260 -0.40534
   0.37231  0.11389 -0.42340
   0.35191  0.11487 -0.44400
   0.33209  0.11553 -0.46738
   0.31284  0.11590 -0.49321
   0.29417  0.11596 -0.52060
   0.27607  0.11571 -0.54844
   0.25855  0.11518 -0.57565
   0.24160  0.11435 -0.60134
   0.22522  0.11324 -0.62474
   0.20942  0.11185 -0.64540
   0.19420  0.11019 -0.66280
   0.17955  0.10827 -0.67667
   0.16547  0.10609 -0.68665
   0.15197  0.10367 -0.69238
   0.13904  0.10100 -0.69359
   0.12669  0.09811 -0.68982
   0.11491  0.09499 -0.68068
   0.10371  0.09167 -0.66566
   0.09308  0.08814 -0.64416
   0.08302  0.08443 -0.61574
   0.07354  0.08053 -0.57917
   0.06464  0.07645 -0.53396
   0.05631  0.07222 -0.47901
   0.04855  0.06783 -0.41351
   0.04137  0.06329 -0.33607
   0.03476  0.05862 -0.24586
   0.02873  0.05382 -0.14228
   0.02327  0.04889 -0.02489
   0.01839  0.04385  0.10562
   0.01408  0.03870  0.24682
   0.01034  0.03345  0.39561
   0.00718  0.02810  0.54545
   0.00460  0.02266  0.68845
   0.00258  0.01712  0.81488
   0.00115  0.01150  0.91433
   0.00029  0.00579  0.97806
   0.00000  0.00000  1.00003
   0.00029 -0.00579  0.97812
   0.00115 -0.01150  0.91430
   0.00258 -0.01712  0.81489
   0.00460 -0.02266  0.68856
   0.00718 -0.02810  0.54535
   0.01034 -0.03345  0.39547
   0.01408 -0.03870  0.24690
   0.01839 -0.04385  0.10549
   0.02327 -0.04889 -0.02491
   0.02873 -0.05382 -0.14214
   0.03476 -0.05862 -0.24590
   0.04137 -0.06329 -0.33592
   0.04855 -0.06783 -0.41347
   0.05631 -0.07222 -0.47900
   0.06464 -0.07645 -0.53409
   0.07354 -0.08053 -0.57922
   0.08302 -0.08443 -0.61571
   0.09308 -0.08814 -0.64424
   0.10371 -0.09167 -0.66564
   0.11491 -0.09499 -0.68073
   0.12669 -0.09811 -0.68983
   0.13904 -0.10100 -0.69358
   0.15197 -0.10367 -0.69237
   0.16547 -0.10609 -0.68665
   0.17955 -0.10827 -0.67667
   0.19420 -0.11019 -0.66280
   0.20942 -0.11185 -0.64540
   0.22522 -0.11324 -0.62474
   0.24160 -0.11435 -0.60133
   0.25855 -0.11518 -0.57565
   0.27607 -0.11571 -0.54844
   0.29417 -0.11596 -0.52060
   0.31284 -0.11590 -0.49321
   0.33209 -0.11553 -0.46738
   0.35191 -0.11487 -0.44400
   0.37231 -0.11389 -0.42340
   0.39328 -0.11260 -0.40534
   0.41482 -0.11100 -0.39009
   0.43694 -0.10909 -0.37756
   0.45964 -0.10686 -0.36740
   0.48291 -0.10432 -0.35920
   0.50675 -0.10146 -0.35258
   0.53117 -0.09830 -0.34722
   0.55616 -0.09482 -0.34287
   0.58173 -0.09102 -0.33931
   0.60787 -0.08692 -0.33638
   0.63459 -0.08250 -0.33394
   0.66188 -0.07776 -0.33190
   0.68974 -0.07271 -0.33015
   0.71818 -0.06733 -0.32863
   0.74720 -0.06163 -0.32730
   0.77679 -0.05558 -0.32610
   0.80695 -0.04919 -0.32501
   0.83769 -0.04244 -0.32398
   0.86900 -0.03530 -0.32301
   0.90089 -0.02776 -0.32205
   0.93335 -0.01979 -0.32109
   0.96639 -0.01136 -0.32011
   1.00000 -0.00243 -0.31885
