NACA21                                          
 Alfa =   0.00000 Re =    20000.000 Xflap,Yflap =     0.000000    0.000000
#    x        y        Cp  
   1.00000  0.00241 -0.31278
   0.96639  0.01123 -0.31407
   0.93335  0.01956 -0.31508
   0.90089  0.02744 -0.31607
   0.86900  0.03489 -0.31706
   0.83769  0.04195 -0.31808
   0.80695  0.04862 -0.31916
   0.77679  0.05494 -0.32031
   0.74720  0.06092 -0.32157
   0.71818  0.06656 -0.32298
   0.68974  0.07187 -0.32459
   0.66188  0.07687 -0.32644
   0.63459  0.08155 -0.32862
   0.60787  0.08592 -0.33121
   0.58173  0.08997 -0.33432
   0.55616  0.09372 -0.33809
   0.53117  0.09716 -0.34270
   0.50675  0.10029 -0.34836
   0.48291  0.10311 -0.35533
   0.45964  0.10563 -0.36393
   0.43694  0.10783 -0.37456
   0.41482  0.10972 -0.38758
   0.39328  0.11130 -0.40331
   0.37231  0.11258 -0.42172
   0.35191  0.11354 -0.44262
   0.33209  0.11420 -0.46623
   0.31284  0.11456 -0.49208
   0.29417  0.11462 -0.51927
   0.27607  0.11438 -0.54670
   0.25855  0.11385 -0.57342
   0.24160  0.11303 -0.59852
   0.22522  0.11194 -0.62143
   0.20942  0.11056 -0.64156
   0.19420  0.10892 -0.65860
   0.17955  0.10702 -0.67211
   0.16547  0.10487 -0.68189
   0.15197  0.10247 -0.68751
   0.13904  0.09984 -0.68871
   0.12669  0.09698 -0.68516
   0.11491  0.09390 -0.67630
   0.10371  0.09061 -0.66166
   0.09308  0.08713 -0.64081
   0.08302  0.08345 -0.61291
   0.07354  0.07960 -0.57735
   0.06464  0.07557 -0.53282
   0.05631  0.07139 -0.47918
   0.04855  0.06705 -0.41480
   0.04137  0.06256 -0.33844
   0.03476  0.05794 -0.24945
   0.02873  0.05320 -0.14688
   0.02327  0.04833 -0.03039
   0.01839  0.04335  0.09943
   0.01408  0.03826  0.24015
   0.01034  0.03307  0.38944
   0.00718  0.02778  0.54021
   0.00460  0.02240  0.68411
   0.00258  0.01692  0.81211
   0.00115  0.01137  0.91303
   0.00029  0.00573  0.97764
   0.00000  0.00000  1.00003
   0.00029 -0.00573  0.97769
   0.00115 -0.01137  0.91304
   0.00258 -0.01692  0.81202
   0.00460 -0.02240  0.68424
   0.00718 -0.02778  0.54016
   0.01034 -0.03307  0.38910
   0.01408 -0.03826  0.24044
   0.01839 -0.04335  0.09940
   0.02327 -0.04833 -0.03044
   0.02873 -0.05320 -0.14680
   0.03476 -0.05794 -0.24950
   0.04137 -0.06256 -0.33837
   0.04855 -0.06705 -0.41471
   0.05631 -0.07139 -0.47911
   0.06464 -0.07557 -0.53296
   0.07354 -0.07960 -0.57738
   0.08302 -0.08345 -0.61292
   0.09308 -0.08713 -0.64088
   0.10371 -0.09061 -0.66165
   0.11491 -0.09390 -0.67636
   0.12669 -0.09698 -0.68517
   0.13904 -0.09984 -0.68871
   0.15197 -0.10247 -0.68752
   0.16547 -0.10487 -0.68187
   0.17955 -0.10702 -0.67212
   0.19420 -0.10892 -0.65859
   0.20942 -0.11056 -0.64155
   0.22522 -0.11194 -0.62142
   0.24160 -0.11303 -0.59853
   0.25855 -0.11385 -0.57342
   0.27607 -0.11438 -0.54671
   0.29417 -0.11462 -0.51927
   0.31284 -0.11456 -0.49208
   0.33209 -0.11420 -0.46623
   0.35191 -0.11354 -0.44263
   0.37231 -0.11258 -0.42172
   0.39328 -0.11130 -0.40331
   0.41482 -0.10972 -0.38758
   0.43694 -0.10783 -0.37456
   0.45964 -0.10563 -0.36394
   0.48291 -0.10311 -0.35533
   0.50675 -0.10029 -0.34836
   0.53117 -0.09716 -0.34270
   0.55616 -0.09372 -0.33809
   0.58173 -0.08997 -0.33432
   0.60787 -0.08592 -0.33121
   0.63459 -0.08155 -0.32862
   0.66188 -0.07687 -0.32644
   0.68974 -0.07187 -0.32459
   0.71818 -0.06656 -0.32298
   0.74720 -0.06092 -0.32157
   0.77679 -0.05494 -0.32031
   0.80695 -0.04862 -0.31916
   0.83769 -0.04195 -0.31808
   0.86900 -0.03489 -0.31706
   0.90089 -0.02744 -0.31607
   0.93335 -0.01956 -0.31508
   0.96639 -0.01123 -0.31407
   1.00000 -0.00241 -0.31278
