NACA22                                          
 Alfa =   0.00000 Re =    20000.000 Xflap,Yflap =     0.000000    0.000000
#    x        y        Cp  
   1.00000  0.00238 -0.30676
   0.96639  0.01110 -0.30809
   0.93335  0.01934 -0.30913
   0.90089  0.02713 -0.31016
   0.86900  0.03449 -0.31119
   0.83769  0.04147 -0.31225
   0.80695  0.04807 -0.31337
   0.77679  0.05432 -0.31458
   0.74720  0.06022 -0.31592
   0.71818  0.06580 -0.31741
   0.68974  0.07105 -0.31911
   0.66188  0.07599 -0.32108
   0.63459  0.08062 -0.32339
   0.60787  0.08494 -0.32614
   0.58173  0.08895 -0.32944
   0.55616  0.09266 -0.33343
   0.53117  0.09606 -0.33830
   0.50675  0.09915 -0.34427
   0.48291  0.10194 -0.35159
   0.45964  0.10442 -0.36061
   0.43694  0.10660 -0.37170
   0.41482  0.10847 -0.38521
   0.39328  0.11004 -0.40140
   0.37231  0.11129 -0.42011
   0.35191  0.11225 -0.44131
   0.33209  0.11290 -0.46511
   0.31284  0.11326 -0.49094
   0.29417  0.11331 -0.51788
   0.27607  0.11308 -0.54494
   0.25855  0.11255 -0.57113
   0.24160  0.11175 -0.59568
   0.22522  0.11066 -0.61806
   0.20942  0.10931 -0.63772
   0.19420  0.10768 -0.65432
   0.17955  0.10580 -0.66756
   0.16547  0.10368 -0.67712
   0.15197  0.10131 -0.68274
   0.13904  0.09870 -0.68391
   0.12669  0.09587 -0.68044
   0.11491  0.09283 -0.67191
   0.10371  0.08958 -0.65786
   0.09308  0.08614 -0.63738
   0.08302  0.08250 -0.61016
   0.07354  0.07869 -0.57524
   0.06464  0.07471 -0.53196
   0.05631  0.07057 -0.47901
   0.04855  0.06628 -0.41573
   0.04137  0.06185 -0.34082
   0.03476  0.05728 -0.25282
   0.02873  0.05259 -0.15148
   0.02327  0.04778 -0.03590
   0.01839  0.04285  0.09318
   0.01408  0.03782  0.23408
   0.01034  0.03269  0.38317
   0.00718  0.02746  0.53460
   0.00460  0.02214  0.67991
   0.00258  0.01673  0.80936
   0.00115  0.01124  0.91162
   0.00029  0.00566  0.97731
   0.00000  0.00000  1.00003
   0.00029 -0.00566  0.97728
   0.00115 -0.01124  0.91161
   0.00258 -0.01673  0.80945
   0.00460 -0.02214  0.67993
   0.00718 -0.02746  0.53461
   0.01034 -0.03269  0.38313
   0.01408 -0.03782  0.23403
   0.01839 -0.04285  0.09315
   0.02327 -0.04778 -0.03594
   0.02873 -0.05259 -0.15137
   0.03476 -0.05728 -0.25290
   0.04137 -0.06185 -0.34073
   0.04855 -0.06628 -0.41569
   0.05631 -0.07057 -0.47895
   0.06464 -0.07471 -0.53201
   0.07354 -0.07869 -0.57530
   0.08302 -0.08250 -0.61016
   0.09308 -0.08614 -0.63741
   0.10371 -0.08958 -0.65784
   0.11491 -0.09283 -0.67196
   0.12669 -0.09587 -0.68047
   0.13904 -0.09870 -0.68390
   0.15197 -0.10131 -0.68274
   0.16547 -0.10368 -0.67710
   0.17955 -0.10580 -0.66757
   0.19420 -0.10768 -0.65431
   0.20942 -0.10931 -0.63771
   0.22522 -0.11066 -0.61805
   0.24160 -0.11175 -0.59569
   0.25855 -0.11255 -0.57112
   0.27607 -0.11308 -0.54494
   0.29417 -0.11331 -0.51789
   0.31284 -0.11326 -0.49094
   0.33209 -0.11290 -0.46511
   0.35191 -0.11225 -0.44131
   0.37231 -0.11129 -0.42011
   0.39328 -0.11004 -0.40140
   0.41482 -0.10847 -0.38521
   0.43694 -0.10660 -0.37170
   0.45964 -0.10442 -0.36061
   0.48291 -0.10194 -0.35159
   0.50675 -0.09915 -0.34427
   0.53117 -0.09606 -0.33830
   0.55616 -0.09266 -0.33343
   0.58173 -0.08895 -0.32944
   0.60787 -0.08494 -0.32614
   0.63459 -0.08062 -0.32339
   0.66188 -0.07599 -0.32108
   0.68974 -0.07105 -0.31911
   0.71818 -0.06580 -0.31741
   0.74720 -0.06022 -0.31591
   0.77679 -0.05432 -0.31458
   0.80695 -0.04807 -0.31337
   0.83769 -0.04147 -0.31225
   0.86900 -0.03449 -0.31119
   0.90089 -0.02713 -0.31016
   0.93335 -0.01934 -0.30913
   0.96639 -0.01110 -0.30809
   1.00000 -0.00238 -0.30676
