NACA23                                          
 Alfa =   0.00000 Re =    20000.000 Xflap,Yflap =     0.000000    0.000000
#    x        y        Cp  
   1.00000  0.00235 -0.30080
   0.96639  0.01098 -0.30216
   0.93335  0.01912 -0.30323
   0.90089  0.02682 -0.30430
   0.86900  0.03411 -0.30537
   0.83769  0.04100 -0.30648
   0.80695  0.04753 -0.30765
   0.77679  0.05371 -0.30893
   0.74720  0.05955 -0.31033
   0.71818  0.06506 -0.31191
   0.68974  0.07025 -0.31371
   0.66188  0.07514 -0.31580
   0.63459  0.07971 -0.31825
   0.60787  0.08398 -0.32116
   0.58173  0.08795 -0.32466
   0.55616  0.09161 -0.32889
   0.53117  0.09497 -0.33403
   0.50675  0.09804 -0.34030
   0.48291  0.10079 -0.34799
   0.45964  0.10325 -0.35744
   0.43694  0.10540 -0.36899
   0.41482  0.10725 -0.38297
   0.39328  0.10880 -0.39959
   0.37231  0.11004 -0.41858
   0.35191  0.11099 -0.44006
   0.33209  0.11163 -0.46400
   0.31284  0.11198 -0.48977
   0.29417  0.11204 -0.51646
   0.27607  0.11181 -0.54308
   0.25855  0.11129 -0.56875
   0.24160  0.11049 -0.59280
   0.22522  0.10942 -0.61466
   0.20942  0.10807 -0.63385
   0.19420  0.10647 -0.65013
   0.17955  0.10461 -0.66304
   0.16547  0.10251 -0.67243
   0.15197  0.10016 -0.67792
   0.13904  0.09759 -0.67920
   0.12669  0.09479 -0.67586
   0.11491  0.09178 -0.66757
   0.10371  0.08857 -0.65379
   0.09308  0.08517 -0.63392
   0.08302  0.08157 -0.60738
   0.07354  0.07781 -0.57322
   0.06464  0.07387 -0.53069
   0.05631  0.06978 -0.47907
   0.04855  0.06554 -0.41683
   0.04137  0.06115 -0.34269
   0.03476  0.05664 -0.25602
   0.02873  0.05200 -0.15577
   0.02327  0.04724 -0.04126
   0.01839  0.04237  0.08726
   0.01408  0.03740  0.22750
   0.01034  0.03232  0.37708
   0.00718  0.02715  0.52936
   0.00460  0.02189  0.67576
   0.00258  0.01654  0.80652
   0.00115  0.01111  0.91022
   0.00029  0.00560  0.97694
   0.00000  0.00000  1.00003
   0.00029 -0.00560  0.97700
   0.00115 -0.01111  0.91017
   0.00258 -0.01654  0.80660
   0.00460 -0.02189  0.67574
   0.00718 -0.02715  0.52923
   0.01034 -0.03232  0.37724
   0.01408 -0.03740  0.22749
   0.01839 -0.04237  0.08714
   0.02327 -0.04724 -0.04118
   0.02873 -0.05200 -0.15571
   0.03476 -0.05664 -0.25610
   0.04137 -0.06115 -0.34279
   0.04855 -0.06554 -0.41665
   0.05631 -0.06978 -0.47905
   0.06464 -0.07387 -0.53072
   0.07354 -0.07781 -0.57329
   0.08302 -0.08157 -0.60736
   0.09308 -0.08517 -0.63398
   0.10371 -0.08857 -0.65380
   0.11491 -0.09178 -0.66754
   0.12669 -0.09479 -0.67590
   0.13904 -0.09759 -0.67916
   0.15197 -0.10016 -0.67792
   0.16547 -0.10251 -0.67243
   0.17955 -0.10461 -0.66305
   0.19420 -0.10647 -0.65012
   0.20942 -0.10807 -0.63386
   0.22522 -0.10942 -0.61466
   0.24160 -0.11049 -0.59280
   0.25855 -0.11129 -0.56875
   0.27607 -0.11181 -0.54308
   0.29417 -0.11204 -0.51646
   0.31284 -0.11198 -0.48977
   0.33209 -0.11163 -0.46400
   0.35191 -0.11099 -0.44006
   0.37231 -0.11004 -0.41858
   0.39328 -0.10880 -0.39959
   0.41482 -0.10725 -0.38297
   0.43694 -0.10540 -0.36899
   0.45964 -0.10325 -0.35744
   0.48291 -0.10079 -0.34799
   0.50675 -0.09804 -0.34030
   0.53117 -0.09497 -0.33403
   0.55616 -0.09161 -0.32889
   0.58173 -0.08795 -0.32466
   0.60787 -0.08398 -0.32116
   0.63459 -0.07971 -0.31825
   0.66188 -0.07514 -0.31580
   0.68974 -0.07025 -0.31371
   0.71818 -0.06506 -0.31191
   0.74720 -0.05955 -0.31033
   0.77679 -0.05371 -0.30893
   0.80695 -0.04753 -0.30765
   0.83769 -0.04100 -0.30648
   0.86900 -0.03411 -0.30537
   0.90089 -0.02682 -0.30430
   0.93335 -0.01912 -0.30323
   0.96639 -0.01098 -0.30216
   1.00000 -0.00235 -0.30080
