NACA24                                          
 Alfa =   0.00000 Re =    20000.000 Xflap,Yflap =     0.000000    0.000000
#    x        y        Cp  
   1.00000  0.00233 -0.29490
   0.96639  0.01086 -0.29629
   0.93335  0.01891 -0.29740
   0.90089  0.02652 -0.29850
   0.86900  0.03373 -0.29961
   0.83769  0.04055 -0.30077
   0.80695  0.04700 -0.30200
   0.77679  0.05311 -0.30334
   0.74720  0.05888 -0.30482
   0.71818  0.06434 -0.30649
   0.68974  0.06947 -0.30840
   0.66188  0.07430 -0.31061
   0.63459  0.07882 -0.31321
   0.60787  0.08305 -0.31629
   0.58173  0.08697 -0.31999
   0.55616  0.09059 -0.32446
   0.53117  0.09392 -0.32987
   0.50675  0.09694 -0.33647
   0.48291  0.09967 -0.34454
   0.45964  0.10210 -0.35440
   0.43694  0.10423 -0.36641
   0.41482  0.10606 -0.38087
   0.39328  0.10758 -0.39786
   0.37231  0.10882 -0.41712
   0.35191  0.10975 -0.43886
   0.33209  0.11039 -0.46290
   0.31284  0.11073 -0.48858
   0.29417  0.11079 -0.51497
   0.27607  0.11056 -0.54118
   0.25855  0.11005 -0.56635
   0.24160  0.10926 -0.58990
   0.22522  0.10820 -0.61124
   0.20942  0.10687 -0.63001
   0.19420  0.10529 -0.64594
   0.17955  0.10345 -0.65854
   0.16547  0.10137 -0.66776
   0.15197  0.09905 -0.67314
   0.13904  0.09650 -0.67441
   0.12669  0.09374 -0.67122
   0.11491  0.09076 -0.66323
   0.10371  0.08759 -0.64990
   0.09308  0.08422 -0.63038
   0.08302  0.08067 -0.60455
   0.07354  0.07694 -0.57124
   0.06464  0.07305 -0.52950
   0.05631  0.06900 -0.47879
   0.04855  0.06481 -0.41752
   0.04137  0.06047 -0.34469
   0.03476  0.05601 -0.25914
   0.02873  0.05142 -0.15994
   0.02327  0.04671 -0.04655
   0.01839  0.04190  0.08120
   0.01408  0.03698  0.22139
   0.01034  0.03196  0.37104
   0.00718  0.02685  0.52396
   0.00460  0.02165  0.67161
   0.00258  0.01636  0.80369
   0.00115  0.01099  0.90885
   0.00029  0.00553  0.97659
   0.00000  0.00000  1.00003
   0.00029 -0.00553  0.97658
   0.00115 -0.01099  0.90890
   0.00258 -0.01636  0.80381
   0.00460 -0.02165  0.67152
   0.00718 -0.02685  0.52390
   0.01034 -0.03196  0.37103
   0.01408 -0.03698  0.22143
   0.01839 -0.04190  0.08123
   0.02327 -0.04671 -0.04643
   0.02873 -0.05142 -0.15996
   0.03476 -0.05601 -0.25923
   0.04137 -0.06047 -0.34464
   0.04855 -0.06481 -0.41749
   0.05631 -0.06900 -0.47878
   0.06464 -0.07305 -0.52959
   0.07354 -0.07694 -0.57120
   0.08302 -0.08067 -0.60451
   0.09308 -0.08422 -0.63051
   0.10371 -0.08759 -0.64988
   0.11491 -0.09076 -0.66322
   0.12669 -0.09374 -0.67128
   0.13904 -0.09650 -0.67438
   0.15197 -0.09905 -0.67316
   0.16547 -0.10137 -0.66775
   0.17955 -0.10345 -0.65855
   0.19420 -0.10529 -0.64591
   0.20942 -0.10687 -0.63001
   0.22522 -0.10820 -0.61124
   0.24160 -0.10926 -0.58988
   0.25855 -0.11005 -0.56635
   0.27607 -0.11056 -0.54118
   0.29417 -0.11079 -0.51497
   0.31284 -0.11073 -0.48858
   0.33209 -0.11039 -0.46290
   0.35191 -0.10975 -0.43887
   0.37231 -0.10882 -0.41712
   0.39328 -0.10758 -0.39786
   0.41482 -0.10606 -0.38087
   0.43694 -0.10423 -0.36642
   0.45964 -0.10210 -0.35440
   0.48291 -0.09967 -0.34454
   0.50675 -0.09694 -0.33647
   0.53117 -0.09392 -0.32987
   0.55616 -0.09059 -0.32446
   0.58173 -0.08697 -0.31999
   0.60787 -0.08305 -0.31629
   0.63459 -0.07882 -0.31321
   0.66188 -0.07430 -0.31061
   0.68974 -0.06947 -0.30840
   0.71818 -0.06434 -0.30649
   0.74720 -0.05888 -0.30482
   0.77679 -0.05311 -0.30334
   0.80695 -0.04700 -0.30200
   0.83769 -0.04055 -0.30077
   0.86900 -0.03373 -0.29961
   0.90089 -0.02652 -0.29850
   0.93335 -0.01891 -0.29740
   0.96639 -0.01086 -0.29629
   1.00000 -0.00233 -0.29490
