NACA25                                          
 Alfa =   0.00000 Re =    20000.000 Xflap,Yflap =     0.000000    0.000000
#    x        y        Cp  
   1.00000  0.00230 -0.28905
   0.96639  0.01074 -0.29048
   0.93335  0.01870 -0.29162
   0.90089  0.02623 -0.29276
   0.86900  0.03336 -0.29392
   0.83769  0.04010 -0.29513
   0.80695  0.04648 -0.29642
   0.77679  0.05252 -0.29783
   0.74720  0.05824 -0.29939
   0.71818  0.06363 -0.30115
   0.68974  0.06871 -0.30316
   0.66188  0.07348 -0.30550
   0.63459  0.07796 -0.30826
   0.60787  0.08213 -0.31152
   0.58173  0.08601 -0.31543
   0.55616  0.08959 -0.32014
   0.53117  0.09288 -0.32583
   0.50675  0.09588 -0.33277
   0.48291  0.09857 -0.34122
   0.45964  0.10097 -0.35151
   0.43694  0.10308 -0.36398
   0.41482  0.10489 -0.37887
   0.39328  0.10640 -0.39619
   0.37231  0.10762 -0.41573
   0.35191  0.10854 -0.43770
   0.33209  0.10917 -0.46181
   0.31284  0.10952 -0.48735
   0.29417  0.10957 -0.51343
   0.27607  0.10934 -0.53919
   0.25855  0.10884 -0.56387
   0.24160  0.10806 -0.58692
   0.22522  0.10701 -0.60777
   0.20942  0.10569 -0.62614
   0.19420  0.10413 -0.64168
   0.17955  0.10231 -0.65407
   0.16547  0.10025 -0.66307
   0.15197  0.09796 -0.66840
   0.13904  0.09544 -0.66980
   0.12669  0.09271 -0.66665
   0.11491  0.08976 -0.65891
   0.10371  0.08662 -0.64585
   0.09308  0.08329 -0.62691
   0.08302  0.07978 -0.60177
   0.07354  0.07609 -0.56906
   0.06464  0.07224 -0.52809
   0.05631  0.06824 -0.47846
   0.04855  0.06409 -0.41837
   0.04137  0.05981 -0.34660
   0.03476  0.05539 -0.26212
   0.02873  0.05085 -0.16407
   0.02327  0.04620 -0.05159
   0.01839  0.04144  0.07558
   0.01408  0.03657  0.21516
   0.01034  0.03161  0.36521
   0.00718  0.02655  0.51859
   0.00460  0.02141  0.66721
   0.00258  0.01618  0.80104
   0.00115  0.01087  0.90746
   0.00029  0.00547  0.97619
   0.00000  0.00000  1.00003
   0.00029 -0.00547  0.97619
   0.00115 -0.01087  0.90745
   0.00258 -0.01618  0.80102
   0.00460 -0.02141  0.66741
   0.00718 -0.02655  0.51856
   0.01034 -0.03161  0.36503
   0.01408 -0.03657  0.21526
   0.01839 -0.04144  0.07555
   0.02327 -0.04620 -0.05155
   0.02873 -0.05085 -0.16414
   0.03476 -0.05539 -0.26214
   0.04137 -0.05981 -0.34650
   0.04855 -0.06409 -0.41828
   0.05631 -0.06824 -0.47846
   0.06464 -0.07224 -0.52824
   0.07354 -0.07609 -0.56906
   0.08302 -0.07978 -0.60172
   0.09308 -0.08329 -0.62698
   0.10371 -0.08662 -0.64579
   0.11491 -0.08976 -0.65900
   0.12669 -0.09271 -0.66668
   0.13904 -0.09544 -0.66977
   0.15197 -0.09796 -0.66841
   0.16547 -0.10025 -0.66304
   0.17955 -0.10231 -0.65408
   0.19420 -0.10413 -0.64166
   0.20942 -0.10569 -0.62613
   0.22522 -0.10701 -0.60777
   0.24160 -0.10806 -0.58692
   0.25855 -0.10884 -0.56387
   0.27607 -0.10934 -0.53919
   0.29417 -0.10957 -0.51343
   0.31284 -0.10952 -0.48735
   0.33209 -0.10917 -0.46181
   0.35191 -0.10854 -0.43770
   0.37231 -0.10762 -0.41573
   0.39328 -0.10640 -0.39619
   0.41482 -0.10489 -0.37887
   0.43694 -0.10308 -0.36398
   0.45964 -0.10097 -0.35151
   0.48291 -0.09857 -0.34121
   0.50675 -0.09588 -0.33277
   0.53117 -0.09288 -0.32584
   0.55616 -0.08959 -0.32014
   0.58173 -0.08601 -0.31543
   0.60787 -0.08213 -0.31152
   0.63459 -0.07796 -0.30826
   0.66188 -0.07348 -0.30550
   0.68974 -0.06871 -0.30316
   0.71818 -0.06363 -0.30115
   0.74720 -0.05824 -0.29939
   0.77679 -0.05252 -0.29783
   0.80695 -0.04648 -0.29642
   0.83769 -0.04010 -0.29513
   0.86900 -0.03336 -0.29392
   0.90089 -0.02623 -0.29276
   0.93335 -0.01870 -0.29162
   0.96639 -0.01074 -0.29048
   1.00000 -0.00230 -0.28905
