NACA26                                          
 Alfa =   0.00000 Re =    20000.000 Xflap,Yflap =     0.000000    0.000000
#    x        y        Cp  
   1.00000  0.00228 -0.28326
   0.96639  0.01062 -0.28472
   0.93335  0.01850 -0.28591
   0.90089  0.02595 -0.28709
   0.86900  0.03299 -0.28829
   0.83769  0.03966 -0.28956
   0.80695  0.04598 -0.29091
   0.77679  0.05195 -0.29238
   0.74720  0.05760 -0.29403
   0.71818  0.06293 -0.29589
   0.68974  0.06796 -0.29802
   0.66188  0.07268 -0.30049
   0.63459  0.07711 -0.30340
   0.60787  0.08124 -0.30685
   0.58173  0.08507 -0.31097
   0.55616  0.08862 -0.31593
   0.53117  0.09187 -0.32193
   0.50675  0.09483 -0.32919
   0.48291  0.09750 -0.33803
   0.45964  0.09987 -0.34875
   0.43694  0.10196 -0.36167
   0.41482  0.10374 -0.37699
   0.39328  0.10524 -0.39459
   0.37231  0.10645 -0.41441
   0.35191  0.10736 -0.43657
   0.33209  0.10798 -0.46071
   0.31284  0.10832 -0.48607
   0.29417  0.10838 -0.51183
   0.27607  0.10815 -0.53714
   0.25855  0.10765 -0.56137
   0.24160  0.10688 -0.58390
   0.22522  0.10584 -0.60432
   0.20942  0.10454 -0.62226
   0.19420  0.10299 -0.63746
   0.17955  0.10120 -0.64962
   0.16547  0.09916 -0.65845
   0.15197  0.09689 -0.66368
   0.13904  0.09440 -0.66506
   0.12669  0.09170 -0.66221
   0.11491  0.08879 -0.65456
   0.10371  0.08568 -0.64192
   0.09308  0.08238 -0.62338
   0.08302  0.07891 -0.59882
   0.07354  0.07526 -0.56687
   0.06464  0.07146 -0.52692
   0.05631  0.06750 -0.47798
   0.04855  0.06340 -0.41885
   0.04137  0.05916 -0.34842
   0.03476  0.05479 -0.26503
   0.02873  0.05030 -0.16810
   0.02327  0.04570 -0.05625
   0.01839  0.04099  0.06980
   0.01408  0.03617  0.20898
   0.01034  0.03127  0.35919
   0.00718  0.02626  0.51342
   0.00460  0.02118  0.66311
   0.00258  0.01600  0.79821
   0.00115  0.01075  0.90606
   0.00029  0.00541  0.97577
   0.00000  0.00000  1.00002
   0.00029 -0.00541  0.97584
   0.00115 -0.01075  0.90609
   0.00258 -0.01600  0.79825
   0.00460 -0.02118  0.66328
   0.00718 -0.02626  0.51320
   0.01034 -0.03127  0.35898
   0.01408 -0.03617  0.20928
   0.01839 -0.04099  0.06975
   0.02327 -0.04570 -0.05633
   0.02873 -0.05030 -0.16806
   0.03476 -0.05479 -0.26501
   0.04137 -0.05916 -0.34830
   0.04855 -0.06340 -0.41875
   0.05631 -0.06750 -0.47803
   0.06464 -0.07146 -0.52701
   0.07354 -0.07526 -0.56691
   0.08302 -0.07891 -0.59877
   0.09308 -0.08238 -0.62350
   0.10371 -0.08568 -0.64191
   0.11491 -0.08879 -0.65458
   0.12669 -0.09170 -0.66219
   0.13904 -0.09440 -0.66505
   0.15197 -0.09689 -0.66368
   0.16547 -0.09916 -0.65845
   0.17955 -0.10120 -0.64963
   0.19420 -0.10299 -0.63744
   0.20942 -0.10454 -0.62225
   0.22522 -0.10584 -0.60430
   0.24160 -0.10688 -0.58390
   0.25855 -0.10765 -0.56136
   0.27607 -0.10815 -0.53715
   0.29417 -0.10838 -0.51183
   0.31284 -0.10832 -0.48607
   0.33209 -0.10798 -0.46070
   0.35191 -0.10736 -0.43657
   0.37231 -0.10645 -0.41441
   0.39328 -0.10524 -0.39459
   0.41482 -0.10374 -0.37699
   0.43694 -0.10196 -0.36167
   0.45964 -0.09987 -0.34875
   0.48291 -0.09750 -0.33803
   0.50675 -0.09483 -0.32920
   0.53117 -0.09187 -0.32193
   0.55616 -0.08862 -0.31593
   0.58173 -0.08507 -0.31098
   0.60787 -0.08124 -0.30685
   0.63459 -0.07711 -0.30340
   0.66188 -0.07268 -0.30049
   0.68974 -0.06796 -0.29802
   0.71818 -0.06293 -0.29589
   0.74720 -0.05760 -0.29403
   0.77679 -0.05195 -0.29239
   0.80695 -0.04598 -0.29091
   0.83769 -0.03966 -0.28956
   0.86900 -0.03299 -0.28829
   0.90089 -0.02595 -0.28709
   0.93335 -0.01850 -0.28591
   0.96639 -0.01062 -0.28472
   1.00000 -0.00228 -0.28326
