NACA27                                          
 Alfa =   0.00000 Re =    20000.000 Xflap,Yflap =     0.000000    0.000000
#    x        y        Cp  
   1.00000  0.00225 -0.27753
   0.96639  0.01051 -0.27903
   0.93335  0.01830 -0.28025
   0.90089  0.02567 -0.28148
   0.86900  0.03264 -0.28273
   0.83769  0.03923 -0.28405
   0.80695  0.04548 -0.28546
   0.77679  0.05139 -0.28702
   0.74720  0.05698 -0.28875
   0.71818  0.06225 -0.29071
   0.68974  0.06723 -0.29296
   0.66188  0.07190 -0.29557
   0.63459  0.07628 -0.29864
   0.60787  0.08036 -0.30228
   0.58173  0.08416 -0.30663
   0.55616  0.08766 -0.31185
   0.53117  0.09088 -0.31814
   0.50675  0.09381 -0.32575
   0.48291  0.09645 -0.33498
   0.45964  0.09880 -0.34613
   0.43694  0.10086 -0.35949
   0.41482  0.10263 -0.37520
   0.39328  0.10411 -0.39306
   0.37231  0.10530 -0.41314
   0.35191  0.10620 -0.43546
   0.33209  0.10682 -0.45958
   0.31284  0.10716 -0.48475
   0.29417  0.10721 -0.51017
   0.27607  0.10699 -0.53506
   0.25855  0.10649 -0.55879
   0.24160  0.10573 -0.58084
   0.22522  0.10470 -0.60080
   0.20942  0.10342 -0.61840
   0.19420  0.10188 -0.63321
   0.17955  0.10010 -0.64511
   0.16547  0.09809 -0.65384
   0.15197  0.09585 -0.65900
   0.13904  0.09338 -0.66042
   0.12669  0.09071 -0.65767
   0.11491  0.08783 -0.65025
   0.10371  0.08476 -0.63807
   0.09308  0.08150 -0.61998
   0.08302  0.07806 -0.59578
   0.07354  0.07445 -0.56467
   0.06464  0.07069 -0.52555
   0.05631  0.06677 -0.47744
   0.04855  0.06271 -0.41945
   0.04137  0.05852 -0.35006
   0.03476  0.05420 -0.26778
   0.02873  0.04976 -0.17173
   0.02327  0.04520 -0.06120
   0.01839  0.04054  0.06438
   0.01408  0.03578  0.20324
   0.01034  0.03093  0.35321
   0.00718  0.02598  0.50796
   0.00460  0.02095  0.65902
   0.00258  0.01583  0.79541
   0.00115  0.01063  0.90456
   0.00029  0.00536  0.97548
   0.00000  0.00000  1.00003
   0.00029 -0.00536  0.97550
   0.00115 -0.01063  0.90458
   0.00258 -0.01583  0.79538
   0.00460 -0.02095  0.65908
   0.00718 -0.02598  0.50799
   0.01034 -0.03093  0.35314
   0.01408 -0.03578  0.20328
   0.01839 -0.04054  0.06432
   0.02327 -0.04520 -0.06113
   0.02873 -0.04976 -0.17175
   0.03476 -0.05420 -0.26789
   0.04137 -0.05852 -0.35007
   0.04855 -0.06271 -0.41934
   0.05631 -0.06677 -0.47739
   0.06464 -0.07069 -0.52557
   0.07354 -0.07445 -0.56470
   0.08302 -0.07806 -0.59575
   0.09308 -0.08150 -0.62003
   0.10371 -0.08476 -0.63804
   0.11491 -0.08783 -0.65028
   0.12669 -0.09071 -0.65770
   0.13904 -0.09338 -0.66042
   0.15197 -0.09585 -0.65901
   0.16547 -0.09809 -0.65384
   0.17955 -0.10010 -0.64513
   0.19420 -0.10188 -0.63321
   0.20942 -0.10342 -0.61840
   0.22522 -0.10470 -0.60080
   0.24160 -0.10573 -0.58083
   0.25855 -0.10649 -0.55879
   0.27607 -0.10699 -0.53506
   0.29417 -0.10721 -0.51017
   0.31284 -0.10716 -0.48476
   0.33209 -0.10682 -0.45958
   0.35191 -0.10620 -0.43546
   0.37231 -0.10530 -0.41314
   0.39328 -0.10411 -0.39306
   0.41482 -0.10263 -0.37520
   0.43694 -0.10086 -0.35949
   0.45964 -0.09880 -0.34613
   0.48291 -0.09645 -0.33498
   0.50675 -0.09381 -0.32575
   0.53117 -0.09088 -0.31814
   0.55616 -0.08766 -0.31185
   0.58173 -0.08416 -0.30663
   0.60787 -0.08036 -0.30228
   0.63459 -0.07628 -0.29864
   0.66188 -0.07190 -0.29557
   0.68974 -0.06723 -0.29296
   0.71818 -0.06225 -0.29071
   0.74720 -0.05698 -0.28875
   0.77679 -0.05139 -0.28702
   0.80695 -0.04548 -0.28546
   0.83769 -0.03923 -0.28405
   0.86900 -0.03264 -0.28273
   0.90089 -0.02567 -0.28148
   0.93335 -0.01830 -0.28025
   0.96639 -0.01051 -0.27903
   1.00000 -0.00225 -0.27753
