NACA28                                          
 Alfa =   0.00000 Re =    20000.000 Xflap,Yflap =     0.000000    0.000000
#    x        y        Cp  
   1.00000  0.00223 -0.27186
   0.96639  0.01039 -0.27340
   0.93335  0.01810 -0.27466
   0.90089  0.02539 -0.27593
   0.86900  0.03229 -0.27723
   0.83769  0.03882 -0.27861
   0.80695  0.04500 -0.28009
   0.77679  0.05084 -0.28172
   0.74720  0.05637 -0.28354
   0.71818  0.06159 -0.28561
   0.68974  0.06651 -0.28798
   0.66188  0.07113 -0.29074
   0.63459  0.07546 -0.29398
   0.60787  0.07950 -0.29782
   0.58173  0.08326 -0.30239
   0.55616  0.08673 -0.30788
   0.53117  0.08991 -0.31447
   0.50675  0.09281 -0.32244
   0.48291  0.09542 -0.33206
   0.45964  0.09775 -0.34364
   0.43694  0.09978 -0.35742
   0.41482  0.10153 -0.37349
   0.39328  0.10300 -0.39159
   0.37231  0.10418 -0.41191
   0.35191  0.10507 -0.43436
   0.33209  0.10568 -0.45843
   0.31284  0.10601 -0.48338
   0.29417  0.10607 -0.50843
   0.27607  0.10585 -0.53291
   0.25855  0.10536 -0.55615
   0.24160  0.10460 -0.57775
   0.22522  0.10358 -0.59727
   0.20942  0.10231 -0.61446
   0.19420  0.10080 -0.62904
   0.17955  0.09904 -0.64069
   0.16547  0.09704 -0.64931
   0.15197  0.09483 -0.65440
   0.13904  0.09239 -0.65580
   0.12669  0.08974 -0.65320
   0.11491  0.08689 -0.64592
   0.10371  0.08385 -0.63406
   0.09308  0.08063 -0.61649
   0.08302  0.07723 -0.59285
   0.07354  0.07366 -0.56230
   0.06464  0.06993 -0.52402
   0.05631  0.06606 -0.47704
   0.04855  0.06204 -0.41985
   0.04137  0.05790 -0.35151
   0.03476  0.05362 -0.27031
   0.02873  0.04923 -0.17562
   0.02327  0.04472 -0.06587
   0.01839  0.04011  0.05890
   0.01408  0.03540  0.19747
   0.01034  0.03060  0.34745
   0.00718  0.02570  0.50274
   0.00460  0.02072  0.65485
   0.00258  0.01566  0.79259
   0.00115  0.01052  0.90329
   0.00029  0.00530  0.97503
   0.00000  0.00000  1.00003
   0.00029 -0.00530  0.97506
   0.00115 -0.01052  0.90325
   0.00258 -0.01566  0.79258
   0.00460 -0.02072  0.65488
   0.00718 -0.02570  0.50279
   0.01034 -0.03060  0.34737
   0.01408 -0.03540  0.19749
   0.01839 -0.04011  0.05890
   0.02327 -0.04472 -0.06586
   0.02873 -0.04923 -0.17557
   0.03476 -0.05362 -0.27036
   0.04137 -0.05790 -0.35138
   0.04855 -0.06204 -0.41974
   0.05631 -0.06606 -0.47708
   0.06464 -0.06993 -0.52410
   0.07354 -0.07366 -0.56239
   0.08302 -0.07723 -0.59287
   0.09308 -0.08063 -0.61652
   0.10371 -0.08385 -0.63403
   0.11491 -0.08689 -0.64600
   0.12669 -0.08974 -0.65319
   0.13904 -0.09239 -0.65580
   0.15197 -0.09483 -0.65439
   0.16547 -0.09704 -0.64931
   0.17955 -0.09904 -0.64070
   0.19420 -0.10080 -0.62901
   0.20942 -0.10231 -0.61447
   0.22522 -0.10358 -0.59727
   0.24160 -0.10460 -0.57774
   0.25855 -0.10536 -0.55615
   0.27607 -0.10585 -0.53290
   0.29417 -0.10607 -0.50843
   0.31284 -0.10601 -0.48338
   0.33209 -0.10568 -0.45843
   0.35191 -0.10507 -0.43436
   0.37231 -0.10418 -0.41191
   0.39328 -0.10300 -0.39159
   0.41482 -0.10153 -0.37349
   0.43694 -0.09978 -0.35742
   0.45964 -0.09775 -0.34364
   0.48291 -0.09542 -0.33206
   0.50675 -0.09281 -0.32244
   0.53117 -0.08991 -0.31447
   0.55616 -0.08673 -0.30788
   0.58173 -0.08326 -0.30240
   0.60787 -0.07950 -0.29782
   0.63459 -0.07546 -0.29398
   0.66188 -0.07113 -0.29074
   0.68974 -0.06651 -0.28798
   0.71818 -0.06159 -0.28561
   0.74720 -0.05637 -0.28354
   0.77679 -0.05084 -0.28172
   0.80695 -0.04500 -0.28009
   0.83769 -0.03882 -0.27861
   0.86900 -0.03229 -0.27723
   0.90089 -0.02539 -0.27593
   0.93335 -0.01810 -0.27466
   0.96639 -0.01039 -0.27340
   1.00000 -0.00223 -0.27186
