NACA29                                          
 Alfa =   0.00000 Re =    20000.000 Xflap,Yflap =     0.000000    0.000000
#    x        y        Cp  
   1.00000  0.00220 -0.26625
   0.96639  0.01028 -0.26783
   0.93335  0.01791 -0.26913
   0.90089  0.02512 -0.27045
   0.86900  0.03195 -0.27181
   0.83769  0.03841 -0.27324
   0.80695  0.04452 -0.27480
   0.77679  0.05031 -0.27651
   0.74720  0.05578 -0.27842
   0.71818  0.06094 -0.28060
   0.68974  0.06581 -0.28310
   0.66188  0.07038 -0.28601
   0.63459  0.07467 -0.28943
   0.60787  0.07867 -0.29347
   0.58173  0.08238 -0.29828
   0.55616  0.08581 -0.30403
   0.53117  0.08896 -0.31094
   0.50675  0.09183 -0.31926
   0.48291  0.09441 -0.32928
   0.45964  0.09671 -0.34128
   0.43694  0.09873 -0.35546
   0.41482  0.10046 -0.37183
   0.39328  0.10191 -0.39019
   0.37231  0.10308 -0.41073
   0.35191  0.10396 -0.43326
   0.33209  0.10457 -0.45725
   0.31284  0.10490 -0.48195
   0.29417  0.10495 -0.50665
   0.27607  0.10473 -0.53068
   0.25855  0.10424 -0.55349
   0.24160  0.10350 -0.57463
   0.22522  0.10249 -0.59376
   0.20942  0.10124 -0.61057
   0.19420  0.09973 -0.62484
   0.17955  0.09799 -0.63631
   0.16547  0.09602 -0.64470
   0.15197  0.09383 -0.64977
   0.13904  0.09141 -0.65117
   0.12669  0.08879 -0.64864
   0.11491  0.08598 -0.64182
   0.10371  0.08297 -0.63011
   0.09308  0.07978 -0.61290
   0.08302  0.07641 -0.59001
   0.07354  0.07288 -0.55999
   0.06464  0.06920 -0.52257
   0.05631  0.06536 -0.47631
   0.04855  0.06139 -0.42032
   0.04137  0.05728 -0.35274
   0.03476  0.05305 -0.27296
   0.02873  0.04871 -0.17920
   0.02327  0.04425 -0.07040
   0.01839  0.03969  0.05365
   0.01408  0.03503  0.19171
   0.01034  0.03028  0.34179
   0.00718  0.02543  0.49754
   0.00460  0.02051  0.65057
   0.00258  0.01550  0.78979
   0.00115  0.01041  0.90178
   0.00029  0.00524  0.97472
   0.00000  0.00000  1.00003
   0.00029 -0.00524  0.97474
   0.00115 -0.01041  0.90179
   0.00258 -0.01550  0.78976
   0.00460 -0.02051  0.65069
   0.00718 -0.02543  0.49755
   0.01034 -0.03028  0.34166
   0.01408 -0.03503  0.19172
   0.01839 -0.03969  0.05359
   0.02327 -0.04425 -0.07038
   0.02873 -0.04871 -0.17912
   0.03476 -0.05305 -0.27301
   0.04137 -0.05728 -0.35276
   0.04855 -0.06139 -0.42024
   0.05631 -0.06536 -0.47628
   0.06464 -0.06920 -0.52260
   0.07354 -0.07288 -0.55999
   0.08302 -0.07641 -0.58997
   0.09308 -0.07978 -0.61297
   0.10371 -0.08297 -0.63010
   0.11491 -0.08598 -0.64185
   0.12669 -0.08879 -0.64867
   0.13904 -0.09141 -0.65116
   0.15197 -0.09383 -0.64979
   0.16547 -0.09602 -0.64467
   0.17955 -0.09799 -0.63633
   0.19420 -0.09973 -0.62482
   0.20942 -0.10124 -0.61057
   0.22522 -0.10249 -0.59377
   0.24160 -0.10350 -0.57462
   0.25855 -0.10424 -0.55349
   0.27607 -0.10473 -0.53068
   0.29417 -0.10495 -0.50665
   0.31284 -0.10490 -0.48195
   0.33209 -0.10457 -0.45725
   0.35191 -0.10396 -0.43326
   0.37231 -0.10308 -0.41073
   0.39328 -0.10191 -0.39019
   0.41482 -0.10046 -0.37183
   0.43694 -0.09873 -0.35546
   0.45964 -0.09671 -0.34128
   0.48291 -0.09441 -0.32928
   0.50675 -0.09183 -0.31926
   0.53117 -0.08896 -0.31094
   0.55616 -0.08581 -0.30403
   0.58173 -0.08238 -0.29828
   0.60787 -0.07867 -0.29347
   0.63459 -0.07467 -0.28943
   0.66188 -0.07038 -0.28601
   0.68974 -0.06581 -0.28310
   0.71818 -0.06094 -0.28060
   0.74720 -0.05578 -0.27842
   0.77679 -0.05031 -0.27651
   0.80695 -0.04452 -0.27480
   0.83769 -0.03841 -0.27324
   0.86900 -0.03195 -0.27181
   0.90089 -0.02512 -0.27045
   0.93335 -0.01791 -0.26913
   0.96639 -0.01028 -0.26783
   1.00000 -0.00220 -0.26625
