NACA3                                           
 Alfa =   0.00000 Re =    20000.000 Xflap,Yflap =     0.000000    0.000000
#    x        y        Cp  
   1.00000  0.00304 -0.43067
   0.96639  0.01417 -0.43159
   0.93335  0.02468 -0.43223
   0.90089  0.03462 -0.43283
   0.86900  0.04402 -0.43338
   0.83769  0.05292 -0.43390
   0.80695  0.06134 -0.43440
   0.77679  0.06932 -0.43490
   0.74720  0.07685 -0.43539
   0.71818  0.08397 -0.43589
   0.68974  0.09067 -0.43640
   0.66188  0.09697 -0.43696
   0.63459  0.10288 -0.43758
   0.60787  0.10839 -0.43828
   0.58173  0.11351 -0.43913
   0.55616  0.11824 -0.44015
   0.53117  0.12258 -0.44145
   0.50675  0.12653 -0.44311
   0.48291  0.13009 -0.44527
   0.45964  0.13326 -0.44813
   0.43694  0.13603 -0.45192
   0.41482  0.13842 -0.45696
   0.39328  0.14042 -0.46369
   0.37231  0.14202 -0.47264
   0.35191  0.14324 -0.48453
   0.33209  0.14408 -0.50016
   0.31284  0.14453 -0.52020
   0.29417  0.14460 -0.54455
   0.27607  0.14430 -0.57326
   0.25855  0.14363 -0.60608
   0.24160  0.14260 -0.64104
   0.22522  0.14122 -0.67559
   0.20942  0.13949 -0.70749
   0.19420  0.13742 -0.73485
   0.17955  0.13502 -0.75660
   0.16547  0.13230 -0.77187
   0.15197  0.12928 -0.78002
   0.13904  0.12595 -0.78056
   0.12669  0.12235 -0.77315
   0.11491  0.11846 -0.75731
   0.10371  0.11432 -0.73263
   0.09308  0.10992 -0.69846
   0.08302  0.10528 -0.65444
   0.07354  0.10042 -0.59997
   0.06464  0.09534 -0.53456
   0.05631  0.09006 -0.45799
   0.04855  0.08459 -0.36973
   0.04137  0.07893 -0.26963
   0.03476  0.07310 -0.15841
   0.02873  0.06711 -0.03682
   0.02327  0.06097  0.09393
   0.01839  0.05469  0.23094
   0.01408  0.04826  0.37093
   0.01034  0.04171  0.50950
   0.00718  0.03504  0.64146
   0.00460  0.02825  0.76043
   0.00258  0.02135  0.86051
   0.00115  0.01434  0.93645
   0.00029  0.00722  0.98385
   0.00000  0.00000  1.00003
   0.00029 -0.00722  0.98386
   0.00115 -0.01434  0.93644
   0.00258 -0.02135  0.86058
   0.00460 -0.02825  0.76042
   0.00718 -0.03504  0.64138
   0.01034 -0.04171  0.50952
   0.01408 -0.04826  0.37094
   0.01839 -0.05469  0.23105
   0.02327 -0.06097  0.09387
   0.02873 -0.06711 -0.03681
   0.03476 -0.07310 -0.15854
   0.04137 -0.07893 -0.26957
   0.04855 -0.08459 -0.36957
   0.05631 -0.09006 -0.45798
   0.06464 -0.09534 -0.53464
   0.07354 -0.10042 -0.60000
   0.08302 -0.10528 -0.65443
   0.09308 -0.10992 -0.69856
   0.10371 -0.11432 -0.73263
   0.11491 -0.11846 -0.75739
   0.12669 -0.12235 -0.77317
   0.13904 -0.12595 -0.78056
   0.15197 -0.12928 -0.78002
   0.16547 -0.13230 -0.77187
   0.17955 -0.13502 -0.75661
   0.19420 -0.13742 -0.73486
   0.20942 -0.13949 -0.70748
   0.22522 -0.14122 -0.67560
   0.24160 -0.14260 -0.64104
   0.25855 -0.14363 -0.60609
   0.27607 -0.14430 -0.57327
   0.29417 -0.14460 -0.54455
   0.31284 -0.14453 -0.52020
   0.33209 -0.14408 -0.50016
   0.35191 -0.14324 -0.48453
   0.37231 -0.14202 -0.47264
   0.39328 -0.14042 -0.46369
   0.41482 -0.13842 -0.45696
   0.43694 -0.13603 -0.45192
   0.45964 -0.13326 -0.44813
   0.48291 -0.13009 -0.44527
   0.50675 -0.12653 -0.44311
   0.53117 -0.12258 -0.44145
   0.55616 -0.11824 -0.44015
   0.58173 -0.11351 -0.43913
   0.60787 -0.10839 -0.43829
   0.63459 -0.10288 -0.43758
   0.66188 -0.09697 -0.43696
   0.68974 -0.09067 -0.43640
   0.71818 -0.08397 -0.43589
   0.74720 -0.07685 -0.43539
   0.77679 -0.06932 -0.43490
   0.80695 -0.06134 -0.43440
   0.83769 -0.05292 -0.43390
   0.86900 -0.04402 -0.43338
   0.90089 -0.03462 -0.43283
   0.93335 -0.02468 -0.43223
   0.96639 -0.01417 -0.43159
   1.00000 -0.00304 -0.43067
