NACA30                                          
 Alfa =   0.00000 Re =    20000.000 Xflap,Yflap =     0.000000    0.000000
#    x        y        Cp  
   1.00000  0.00218 -0.26071
   0.96639  0.01018 -0.26232
   0.93335  0.01773 -0.26367
   0.90089  0.02486 -0.26504
   0.86900  0.03162 -0.26645
   0.83769  0.03801 -0.26795
   0.80695  0.04406 -0.26958
   0.77679  0.04978 -0.27137
   0.74720  0.05520 -0.27339
   0.71818  0.06031 -0.27568
   0.68974  0.06512 -0.27831
   0.66188  0.06965 -0.28138
   0.63459  0.07389 -0.28497
   0.60787  0.07784 -0.28922
   0.58173  0.08152 -0.29427
   0.55616  0.08492 -0.30030
   0.53117  0.08804 -0.30753
   0.50675  0.09087 -0.31622
   0.48291  0.09343 -0.32663
   0.45964  0.09571 -0.33904
   0.43694  0.09770 -0.35361
   0.41482  0.09941 -0.37024
   0.39328  0.10085 -0.38885
   0.37231  0.10200 -0.40958
   0.35191  0.10288 -0.43217
   0.33209  0.10348 -0.45603
   0.31284  0.10380 -0.48050
   0.29417  0.10385 -0.50481
   0.27607  0.10364 -0.52841
   0.25855  0.10316 -0.55078
   0.24160  0.10242 -0.57149
   0.22522  0.10142 -0.59020
   0.20942  0.10018 -0.60671
   0.19420  0.09869 -0.62062
   0.17955  0.09697 -0.63189
   0.16547  0.09502 -0.64015
   0.15197  0.09285 -0.64514
   0.13904  0.09046 -0.64663
   0.12669  0.08787 -0.64420
   0.11491  0.08508 -0.63750
   0.10371  0.08210 -0.62624
   0.09308  0.07894 -0.60951
   0.08302  0.07561 -0.58694
   0.07354  0.07212 -0.55781
   0.06464  0.06847 -0.52082
   0.05631  0.06468 -0.47571
   0.04855  0.06075 -0.42049
   0.04137  0.05669 -0.35405
   0.03476  0.05250 -0.27529
   0.02873  0.04820 -0.18248
   0.02327  0.04379 -0.07489
   0.01839  0.03928  0.04834
   0.01408  0.03466  0.18615
   0.01034  0.02996  0.33602
   0.00718  0.02517  0.49232
   0.00460  0.02029  0.64645
   0.00258  0.01534  0.78709
   0.00115  0.01030  0.90032
   0.00029  0.00519  0.97431
   0.00000  0.00000  1.00003
   0.00029 -0.00519  0.97431
   0.00115 -0.01030  0.90037
   0.00258 -0.01534  0.78705
   0.00460 -0.02029  0.64648
   0.00718 -0.02517  0.49236
   0.01034 -0.02996  0.33582
   0.01408 -0.03466  0.18624
   0.01839 -0.03928  0.04844
   0.02327 -0.04379 -0.07487
   0.02873 -0.04820 -0.18248
   0.03476 -0.05250 -0.27540
   0.04137 -0.05669 -0.35397
   0.04855 -0.06075 -0.42043
   0.05631 -0.06468 -0.47569
   0.06464 -0.06847 -0.52093
   0.07354 -0.07212 -0.55781
   0.08302 -0.07561 -0.58694
   0.09308 -0.07894 -0.60956
   0.10371 -0.08210 -0.62624
   0.11491 -0.08508 -0.63754
   0.12669 -0.08787 -0.64421
   0.13904 -0.09046 -0.64660
   0.15197 -0.09285 -0.64514
   0.16547 -0.09502 -0.64015
   0.17955 -0.09697 -0.63190
   0.19420 -0.09869 -0.62063
   0.20942 -0.10018 -0.60669
   0.22522 -0.10142 -0.59019
   0.24160 -0.10242 -0.57149
   0.25855 -0.10316 -0.55077
   0.27607 -0.10364 -0.52841
   0.29417 -0.10385 -0.50481
   0.31284 -0.10380 -0.48050
   0.33209 -0.10348 -0.45603
   0.35191 -0.10288 -0.43217
   0.37231 -0.10200 -0.40958
   0.39328 -0.10085 -0.38885
   0.41482 -0.09941 -0.37024
   0.43694 -0.09770 -0.35361
   0.45964 -0.09571 -0.33904
   0.48291 -0.09343 -0.32663
   0.50675 -0.09087 -0.31622
   0.53117 -0.08804 -0.30753
   0.55616 -0.08492 -0.30030
   0.58173 -0.08152 -0.29427
   0.60787 -0.07784 -0.28922
   0.63459 -0.07389 -0.28497
   0.66188 -0.06965 -0.28138
   0.68974 -0.06512 -0.27831
   0.71818 -0.06031 -0.27568
   0.74720 -0.05520 -0.27339
   0.77679 -0.04978 -0.27137
   0.80695 -0.04406 -0.26958
   0.83769 -0.03801 -0.26795
   0.86900 -0.03162 -0.26645
   0.90089 -0.02486 -0.26504
   0.93335 -0.01773 -0.26367
   0.96639 -0.01018 -0.26232
   1.00000 -0.00218 -0.26071
