NACA31                                          
 Alfa =   0.00000 Re =    20000.000 Xflap,Yflap =     0.000000    0.000000
#    x        y        Cp  
   1.00000  0.00216 -0.25522
   0.96639  0.01007 -0.25688
   0.93335  0.01754 -0.25827
   0.90089  0.02461 -0.25969
   0.86900  0.03129 -0.26116
   0.83769  0.03761 -0.26272
   0.80695  0.04360 -0.26443
   0.77679  0.04927 -0.26631
   0.74720  0.05463 -0.26843
   0.71818  0.05968 -0.27084
   0.68974  0.06445 -0.27361
   0.66188  0.06893 -0.27683
   0.63459  0.07312 -0.28061
   0.60787  0.07704 -0.28508
   0.58173  0.08068 -0.29037
   0.55616  0.08404 -0.29668
   0.53117  0.08713 -0.30424
   0.50675  0.08993 -0.31329
   0.48291  0.09246 -0.32410
   0.45964  0.09472 -0.33691
   0.43694  0.09669 -0.35184
   0.41482  0.09839 -0.36871
   0.39328  0.09981 -0.38755
   0.37231  0.10095 -0.40844
   0.35191  0.10182 -0.43105
   0.33209  0.10241 -0.45478
   0.31284  0.10273 -0.47895
   0.29417  0.10278 -0.50290
   0.27607  0.10257 -0.52610
   0.25855  0.10209 -0.54799
   0.24160  0.10136 -0.56831
   0.22522  0.10037 -0.58661
   0.20942  0.09914 -0.60280
   0.19420  0.09767 -0.61649
   0.17955  0.09597 -0.62748
   0.16547  0.09404 -0.63562
   0.15197  0.09189 -0.64059
   0.13904  0.08953 -0.64212
   0.12669  0.08696 -0.63982
   0.11491  0.08420 -0.63336
   0.10371  0.08125 -0.62229
   0.09308  0.07813 -0.60593
   0.08302  0.07483 -0.58399
   0.07354  0.07138 -0.55541
   0.06464  0.06777 -0.51918
   0.05631  0.06401 -0.47485
   0.04855  0.06012 -0.42060
   0.04137  0.05610 -0.35536
   0.03476  0.05196 -0.27763
   0.02873  0.04770 -0.18606
   0.02327  0.04334 -0.07887
   0.01839  0.03887  0.04337
   0.01408  0.03430  0.18042
   0.01034  0.02965  0.33059
   0.00718  0.02491  0.48712
   0.00460  0.02008  0.64230
   0.00258  0.01518  0.78422
   0.00115  0.01019  0.89895
   0.00029  0.00513  0.97395
   0.00000  0.00000  1.00003
   0.00029 -0.00513  0.97394
   0.00115 -0.01019  0.89896
   0.00258 -0.01518  0.78416
   0.00460 -0.02008  0.64237
   0.00718 -0.02491  0.48712
   0.01034 -0.02965  0.33030
   0.01408 -0.03430  0.18059
   0.01839 -0.03887  0.04337
   0.02327 -0.04334 -0.07887
   0.02873 -0.04770 -0.18599
   0.03476 -0.05196 -0.27763
   0.04137 -0.05610 -0.35536
   0.04855 -0.06012 -0.42053
   0.05631 -0.06401 -0.47480
   0.06464 -0.06777 -0.51935
   0.07354 -0.07138 -0.55545
   0.08302 -0.07483 -0.58394
   0.09308 -0.07813 -0.60597
   0.10371 -0.08125 -0.62225
   0.11491 -0.08420 -0.63342
   0.12669 -0.08696 -0.63983
   0.13904 -0.08953 -0.64212
   0.15197 -0.09189 -0.64060
   0.16547 -0.09404 -0.63561
   0.17955 -0.09597 -0.62749
   0.19420 -0.09767 -0.61647
   0.20942 -0.09914 -0.60280
   0.22522 -0.10037 -0.58661
   0.24160 -0.10136 -0.56830
   0.25855 -0.10209 -0.54799
   0.27607 -0.10257 -0.52610
   0.29417 -0.10278 -0.50291
   0.31284 -0.10273 -0.47895
   0.33209 -0.10241 -0.45478
   0.35191 -0.10182 -0.43105
   0.37231 -0.10095 -0.40844
   0.39328 -0.09981 -0.38755
   0.41482 -0.09839 -0.36871
   0.43694 -0.09669 -0.35184
   0.45964 -0.09472 -0.33691
   0.48291 -0.09246 -0.32410
   0.50675 -0.08993 -0.31329
   0.53117 -0.08713 -0.30424
   0.55616 -0.08404 -0.29668
   0.58173 -0.08068 -0.29037
   0.60787 -0.07704 -0.28508
   0.63459 -0.07312 -0.28061
   0.66188 -0.06893 -0.27683
   0.68974 -0.06445 -0.27361
   0.71818 -0.05968 -0.27084
   0.74720 -0.05463 -0.26843
   0.77679 -0.04927 -0.26631
   0.80695 -0.04360 -0.26443
   0.83769 -0.03761 -0.26272
   0.86900 -0.03129 -0.26116
   0.90089 -0.02461 -0.25969
   0.93335 -0.01754 -0.25827
   0.96639 -0.01007 -0.25688
   1.00000 -0.00216 -0.25522
