NACA32                                          
 Alfa =   0.00000 Re =    20000.000 Xflap,Yflap =     0.000000    0.000000
#    x        y        Cp  
   1.00000  0.00214 -0.24980
   0.96639  0.00997 -0.25151
   0.93335  0.01736 -0.25295
   0.90089  0.02435 -0.25442
   0.86900  0.03097 -0.25595
   0.83769  0.03723 -0.25758
   0.80695  0.04316 -0.25936
   0.77679  0.04876 -0.26134
   0.74720  0.05407 -0.26356
   0.71818  0.05907 -0.26609
   0.68974  0.06379 -0.26901
   0.66188  0.06822 -0.27239
   0.63459  0.07238 -0.27636
   0.60787  0.07625 -0.28105
   0.58173  0.07986 -0.28659
   0.55616  0.08318 -0.29320
   0.53117  0.08624 -0.30108
   0.50675  0.08901 -0.31050
   0.48291  0.09152 -0.32169
   0.45964  0.09375 -0.33488
   0.43694  0.09570 -0.35014
   0.41482  0.09738 -0.36723
   0.39328  0.09879 -0.38630
   0.37231  0.09992 -0.40732
   0.35191  0.10077 -0.42991
   0.33209  0.10136 -0.45349
   0.31284  0.10168 -0.47735
   0.29417  0.10173 -0.50096
   0.27607  0.10152 -0.52370
   0.25855  0.10105 -0.54519
   0.24160  0.10032 -0.56510
   0.22522  0.09935 -0.58303
   0.20942  0.09813 -0.59887
   0.19420  0.09667 -0.61231
   0.17955  0.09499 -0.62314
   0.16547  0.09308 -0.63115
   0.15197  0.09095 -0.63606
   0.13904  0.08861 -0.63757
   0.12669  0.08607 -0.63544
   0.11491  0.08334 -0.62915
   0.10371  0.08042 -0.61838
   0.09308  0.07733 -0.60250
   0.08302  0.07407 -0.58100
   0.07354  0.07065 -0.55296
   0.06464  0.06707 -0.51756
   0.05631  0.06336 -0.47398
   0.04855  0.05951 -0.42085
   0.04137  0.05553 -0.35631
   0.03476  0.05143 -0.27963
   0.02873  0.04721 -0.18913
   0.02327  0.04289 -0.08322
   0.01839  0.03847  0.03824
   0.01408  0.03396  0.17503
   0.01034  0.02935  0.32487
   0.00718  0.02465  0.48211
   0.00460  0.01988  0.63829
   0.00258  0.01502  0.78130
   0.00115  0.01009  0.89746
   0.00029  0.00508  0.97361
   0.00000  0.00000  1.00003
   0.00029 -0.00508  0.97352
   0.00115 -0.01009  0.89760
   0.00258 -0.01502  0.78147
   0.00460 -0.01988  0.63809
   0.00718 -0.02465  0.48204
   0.01034 -0.02935  0.32502
   0.01408 -0.03396  0.17497
   0.01839 -0.03847  0.03809
   0.02327 -0.04289 -0.08312
   0.02873 -0.04721 -0.18904
   0.03476 -0.05143 -0.27969
   0.04137 -0.05553 -0.35633
   0.04855 -0.05951 -0.42070
   0.05631 -0.06336 -0.47391
   0.06464 -0.06707 -0.51766
   0.07354 -0.07065 -0.55297
   0.08302 -0.07407 -0.58095
   0.09308 -0.07733 -0.60259
   0.10371 -0.08042 -0.61834
   0.11491 -0.08334 -0.62920
   0.12669 -0.08607 -0.63546
   0.13904 -0.08861 -0.63755
   0.15197 -0.09095 -0.63608
   0.16547 -0.09308 -0.63114
   0.17955 -0.09499 -0.62315
   0.19420 -0.09667 -0.61230
   0.20942 -0.09813 -0.59886
   0.22522 -0.09935 -0.58304
   0.24160 -0.10032 -0.56510
   0.25855 -0.10105 -0.54518
   0.27607 -0.10152 -0.52370
   0.29417 -0.10173 -0.50096
   0.31284 -0.10168 -0.47735
   0.33209 -0.10136 -0.45348
   0.35191 -0.10077 -0.42991
   0.37231 -0.09992 -0.40732
   0.39328 -0.09879 -0.38630
   0.41482 -0.09738 -0.36723
   0.43694 -0.09570 -0.35014
   0.45964 -0.09375 -0.33488
   0.48291 -0.09152 -0.32169
   0.50675 -0.08901 -0.31049
   0.53117 -0.08624 -0.30108
   0.55616 -0.08318 -0.29320
   0.58173 -0.07986 -0.28659
   0.60787 -0.07625 -0.28104
   0.63459 -0.07238 -0.27636
   0.66188 -0.06822 -0.27239
   0.68974 -0.06379 -0.26901
   0.71818 -0.05907 -0.26609
   0.74720 -0.05407 -0.26356
   0.77679 -0.04876 -0.26134
   0.80695 -0.04316 -0.25936
   0.83769 -0.03723 -0.25758
   0.86900 -0.03097 -0.25595
   0.90089 -0.02435 -0.25442
   0.93335 -0.01736 -0.25295
   0.96639 -0.00997 -0.25151
   1.00000 -0.00214 -0.24980
