NACA33                                          
 Alfa =   0.00000 Re =    20000.000 Xflap,Yflap =     0.000000    0.000000
#    x        y        Cp  
   1.00000  0.00211 -0.24445
   0.96639  0.00987 -0.24620
   0.93335  0.01719 -0.24769
   0.90089  0.02411 -0.24921
   0.86900  0.03066 -0.25080
   0.83769  0.03685 -0.25250
   0.80695  0.04272 -0.25437
   0.77679  0.04827 -0.25644
   0.74720  0.05352 -0.25877
   0.71818  0.05847 -0.26143
   0.68974  0.06314 -0.26449
   0.66188  0.06753 -0.26805
   0.63459  0.07164 -0.27222
   0.60787  0.07548 -0.27712
   0.58173  0.07905 -0.28292
   0.55616  0.08234 -0.28982
   0.53117  0.08536 -0.29804
   0.50675  0.08811 -0.30782
   0.48291  0.09059 -0.31940
   0.45964  0.09280 -0.33296
   0.43694  0.09473 -0.34850
   0.41482  0.09640 -0.36582
   0.39328  0.09779 -0.38509
   0.37231  0.09890 -0.40621
   0.35191  0.09975 -0.42876
   0.33209  0.10034 -0.45214
   0.31284  0.10065 -0.47572
   0.29417  0.10070 -0.49893
   0.27607  0.10049 -0.52128
   0.25855  0.10002 -0.54236
   0.24160  0.09931 -0.56183
   0.22522  0.09834 -0.57947
   0.20942  0.09714 -0.59496
   0.19420  0.09570 -0.60818
   0.17955  0.09403 -0.61883
   0.16547  0.09213 -0.62670
   0.15197  0.09003 -0.63150
   0.13904  0.08771 -0.63313
   0.12669  0.08520 -0.63104
   0.11491  0.08250 -0.62492
   0.10371  0.07961 -0.61451
   0.09308  0.07655 -0.59897
   0.08302  0.07332 -0.57804
   0.07354  0.06993 -0.55057
   0.06464  0.06639 -0.51580
   0.05631  0.06272 -0.47306
   0.04855  0.05890 -0.42070
   0.04137  0.05497 -0.35742
   0.03476  0.05091 -0.28172
   0.02873  0.04674 -0.19223
   0.02327  0.04246 -0.08727
   0.01839  0.03808  0.03355
   0.01408  0.03361  0.16958
   0.01034  0.02905  0.31942
   0.00718  0.02440  0.47695
   0.00460  0.01968  0.63403
   0.00258  0.01487  0.77860
   0.00115  0.00999  0.89606
   0.00029  0.00503  0.97314
   0.00000  0.00000  1.00003
   0.00029 -0.00503  0.97315
   0.00115 -0.00999  0.89609
   0.00258 -0.01487  0.77856
   0.00460 -0.01968  0.63408
   0.00718 -0.02440  0.47694
   0.01034 -0.02905  0.31928
   0.01408 -0.03361  0.16964
   0.01839 -0.03808  0.03359
   0.02327 -0.04246 -0.08735
   0.02873 -0.04674 -0.19214
   0.03476 -0.05091 -0.28180
   0.04137 -0.05497 -0.35730
   0.04855 -0.05890 -0.42056
   0.05631 -0.06272 -0.47308
   0.06464 -0.06639 -0.51590
   0.07354 -0.06993 -0.55059
   0.08302 -0.07332 -0.57802
   0.09308 -0.07655 -0.59905
   0.10371 -0.07961 -0.61452
   0.11491 -0.08250 -0.62495
   0.12669 -0.08520 -0.63106
   0.13904 -0.08771 -0.63313
   0.15197 -0.09003 -0.63152
   0.16547 -0.09213 -0.62667
   0.17955 -0.09403 -0.61883
   0.19420 -0.09570 -0.60817
   0.20942 -0.09714 -0.59497
   0.22522 -0.09834 -0.57946
   0.24160 -0.09931 -0.56182
   0.25855 -0.10002 -0.54235
   0.27607 -0.10049 -0.52128
   0.29417 -0.10070 -0.49893
   0.31284 -0.10065 -0.47572
   0.33209 -0.10034 -0.45214
   0.35191 -0.09975 -0.42876
   0.37231 -0.09890 -0.40621
   0.39328 -0.09779 -0.38509
   0.41482 -0.09640 -0.36582
   0.43694 -0.09473 -0.34850
   0.45964 -0.09280 -0.33296
   0.48291 -0.09059 -0.31940
   0.50675 -0.08811 -0.30782
   0.53117 -0.08536 -0.29804
   0.55616 -0.08234 -0.28982
   0.58173 -0.07905 -0.28292
   0.60787 -0.07548 -0.27712
   0.63459 -0.07164 -0.27221
   0.66188 -0.06753 -0.26805
   0.68974 -0.06314 -0.26449
   0.71818 -0.05847 -0.26143
   0.74720 -0.05352 -0.25877
   0.77679 -0.04827 -0.25644
   0.80695 -0.04272 -0.25437
   0.83769 -0.03685 -0.25250
   0.86900 -0.03066 -0.25080
   0.90089 -0.02411 -0.24921
   0.93335 -0.01719 -0.24769
   0.96639 -0.00987 -0.24620
   1.00000 -0.00211 -0.24445
