NACA34                                          
 Alfa =   0.00000 Re =    20000.000 Xflap,Yflap =     0.000000    0.000000
#    x        y        Cp  
   1.00000  0.00209 -0.23916
   0.96639  0.00977 -0.24095
   0.93335  0.01702 -0.24250
   0.90089  0.02387 -0.24408
   0.86900  0.03035 -0.24573
   0.83769  0.03648 -0.24751
   0.80695  0.04229 -0.24946
   0.77679  0.04779 -0.25162
   0.74720  0.05298 -0.25407
   0.71818  0.05789 -0.25686
   0.68974  0.06251 -0.26007
   0.66188  0.06686 -0.26380
   0.63459  0.07093 -0.26817
   0.60787  0.07473 -0.27330
   0.58173  0.07825 -0.27937
   0.55616  0.08152 -0.28657
   0.53117  0.08451 -0.29512
   0.50675  0.08723 -0.30527
   0.48291  0.08969 -0.31723
   0.45964  0.09187 -0.33114
   0.43694  0.09378 -0.34691
   0.41482  0.09543 -0.36445
   0.39328  0.09681 -0.38391
   0.37231  0.09791 -0.40510
   0.35191  0.09876 -0.42757
   0.33209  0.09933 -0.45075
   0.31284  0.09964 -0.47401
   0.29417  0.09969 -0.49685
   0.27607  0.09948 -0.51881
   0.25855  0.09902 -0.53948
   0.24160  0.09831 -0.55857
   0.22522  0.09736 -0.57588
   0.20942  0.09616 -0.59108
   0.19420  0.09474 -0.60403
   0.17955  0.09308 -0.61449
   0.16547  0.09121 -0.62226
   0.15197  0.08912 -0.62701
   0.13904  0.08683 -0.62868
   0.12669  0.08435 -0.62668
   0.11491  0.08167 -0.62085
   0.10371  0.07881 -0.61066
   0.09308  0.07578 -0.59546
   0.08302  0.07258 -0.57496
   0.07354  0.06923 -0.54810
   0.06464  0.06573 -0.51410
   0.05631  0.06209 -0.47218
   0.04855  0.05831 -0.42059
   0.04137  0.05441 -0.35831
   0.03476  0.05040 -0.28357
   0.02873  0.04627 -0.19512
   0.02327  0.04203 -0.09135
   0.01839  0.03770  0.02871
   0.01408  0.03327  0.16444
   0.01034  0.02876  0.31379
   0.00718  0.02416  0.47198
   0.00460  0.01948  0.63000
   0.00258  0.01472  0.77569
   0.00115  0.00989  0.89463
   0.00029  0.00498  0.97278
   0.00000  0.00000  1.00003
   0.00029 -0.00498  0.97273
   0.00115 -0.00989  0.89467
   0.00258 -0.01472  0.77598
   0.00460 -0.01948  0.62978
   0.00718 -0.02416  0.47187
   0.01034 -0.02876  0.31406
   0.01408 -0.03327  0.16426
   0.01839 -0.03770  0.02864
   0.02327 -0.04203 -0.09109
   0.02873 -0.04627 -0.19523
   0.03476 -0.05040 -0.28366
   0.04137 -0.05441 -0.35830
   0.04855 -0.05831 -0.42048
   0.05631 -0.06209 -0.47212
   0.06464 -0.06573 -0.51424
   0.07354 -0.06923 -0.54812
   0.08302 -0.07258 -0.57495
   0.09308 -0.07578 -0.59556
   0.10371 -0.07881 -0.61065
   0.11491 -0.08167 -0.62087
   0.12669 -0.08435 -0.62671
   0.13904 -0.08683 -0.62866
   0.15197 -0.08912 -0.62702
   0.16547 -0.09121 -0.62226
   0.17955 -0.09308 -0.61449
   0.19420 -0.09474 -0.60402
   0.20942 -0.09616 -0.59107
   0.22522 -0.09736 -0.57589
   0.24160 -0.09831 -0.55857
   0.25855 -0.09902 -0.53949
   0.27607 -0.09948 -0.51881
   0.29417 -0.09969 -0.49685
   0.31284 -0.09964 -0.47402
   0.33209 -0.09933 -0.45075
   0.35191 -0.09876 -0.42758
   0.37231 -0.09791 -0.40510
   0.39328 -0.09681 -0.38391
   0.41482 -0.09543 -0.36446
   0.43694 -0.09378 -0.34691
   0.45964 -0.09187 -0.33114
   0.48291 -0.08969 -0.31723
   0.50675 -0.08723 -0.30527
   0.53117 -0.08451 -0.29513
   0.55616 -0.08152 -0.28657
   0.58173 -0.07825 -0.27937
   0.60787 -0.07473 -0.27330
   0.63459 -0.07093 -0.26817
   0.66188 -0.06686 -0.26380
   0.68974 -0.06251 -0.26007
   0.71818 -0.05789 -0.25686
   0.74720 -0.05298 -0.25407
   0.77679 -0.04779 -0.25162
   0.80695 -0.04229 -0.24946
   0.83769 -0.03648 -0.24751
   0.86900 -0.03035 -0.24573
   0.90089 -0.02387 -0.24408
   0.93335 -0.01702 -0.24250
   0.96639 -0.00977 -0.24095
   1.00000 -0.00209 -0.23916
