NACA35                                          
 Alfa =   0.00000 Re =    20000.000 Xflap,Yflap =     0.000000    0.000000
#    x        y        Cp  
   1.00000  0.00207 -0.23394
   0.96639  0.00967 -0.23578
   0.93335  0.01685 -0.23737
   0.90089  0.02363 -0.23901
   0.86900  0.03005 -0.24073
   0.83769  0.03612 -0.24259
   0.80695  0.04187 -0.24462
   0.77679  0.04731 -0.24689
   0.74720  0.05246 -0.24945
   0.71818  0.05731 -0.25238
   0.68974  0.06189 -0.25575
   0.66188  0.06619 -0.25966
   0.63459  0.07022 -0.26423
   0.60787  0.07399 -0.26960
   0.58173  0.07748 -0.27594
   0.55616  0.08071 -0.28344
   0.53117  0.08367 -0.29233
   0.50675  0.08636 -0.30284
   0.48291  0.08879 -0.31515
   0.45964  0.09096 -0.32939
   0.43694  0.09285 -0.34538
   0.41482  0.09448 -0.36314
   0.39328  0.09585 -0.38275
   0.37231  0.09694 -0.40398
   0.35191  0.09777 -0.42635
   0.33209  0.09834 -0.44930
   0.31284  0.09865 -0.47225
   0.29417  0.09870 -0.49473
   0.27607  0.09850 -0.51629
   0.25855  0.09804 -0.53657
   0.24160  0.09734 -0.55531
   0.22522  0.09639 -0.57228
   0.20942  0.09521 -0.58719
   0.19420  0.09380 -0.59989
   0.17955  0.09216 -0.61023
   0.16547  0.09031 -0.61784
   0.15197  0.08824 -0.62261
   0.13904  0.08597 -0.62422
   0.12669  0.08351 -0.62238
   0.11491  0.08086 -0.61670
   0.10371  0.07803 -0.60680
   0.09308  0.07503 -0.59193
   0.08302  0.07186 -0.57197
   0.07354  0.06854 -0.54571
   0.06464  0.06508 -0.51235
   0.05631  0.06147 -0.47106
   0.04855  0.05774 -0.42050
   0.04137  0.05387 -0.35918
   0.03476  0.04990 -0.28537
   0.02873  0.04581 -0.19802
   0.02327  0.04162 -0.09509
   0.01839  0.03733  0.02402
   0.01408  0.03294  0.15924
   0.01034  0.02847  0.30852
   0.00718  0.02392  0.46681
   0.00460  0.01929  0.62584
   0.00258  0.01457  0.77291
   0.00115  0.00979  0.89319
   0.00029  0.00493  0.97236
   0.00000  0.00000  1.00003
   0.00029 -0.00493  0.97237
   0.00115 -0.00979  0.89315
   0.00258 -0.01457  0.77301
   0.00460 -0.01929  0.62586
   0.00718 -0.02392  0.46696
   0.01034 -0.02847  0.30848
   0.01408 -0.03294  0.15910
   0.01839 -0.03733  0.02396
   0.02327 -0.04162 -0.09508
   0.02873 -0.04581 -0.19789
   0.03476 -0.04990 -0.28548
   0.04137 -0.05387 -0.35908
   0.04855 -0.05774 -0.42045
   0.05631 -0.06147 -0.47108
   0.06464 -0.06508 -0.51236
   0.07354 -0.06854 -0.54573
   0.08302 -0.07186 -0.57194
   0.09308 -0.07503 -0.59201
   0.10371 -0.07803 -0.60679
   0.11491 -0.08086 -0.61675
   0.12669 -0.08351 -0.62237
   0.13904 -0.08597 -0.62421
   0.15197 -0.08824 -0.62260
   0.16547 -0.09031 -0.61782
   0.17955 -0.09216 -0.61024
   0.19420 -0.09380 -0.59989
   0.20942 -0.09521 -0.58718
   0.22522 -0.09639 -0.57228
   0.24160 -0.09734 -0.55531
   0.25855 -0.09804 -0.53656
   0.27607 -0.09850 -0.51629
   0.29417 -0.09870 -0.49473
   0.31284 -0.09865 -0.47225
   0.33209 -0.09834 -0.44930
   0.35191 -0.09777 -0.42635
   0.37231 -0.09694 -0.40398
   0.39328 -0.09585 -0.38275
   0.41482 -0.09448 -0.36314
   0.43694 -0.09285 -0.34538
   0.45964 -0.09096 -0.32939
   0.48291 -0.08879 -0.31515
   0.50675 -0.08636 -0.30284
   0.53117 -0.08367 -0.29233
   0.55616 -0.08071 -0.28344
   0.58173 -0.07748 -0.27593
   0.60787 -0.07399 -0.26960
   0.63459 -0.07022 -0.26423
   0.66188 -0.06619 -0.25966
   0.68974 -0.06189 -0.25575
   0.71818 -0.05731 -0.25238
   0.74720 -0.05246 -0.24946
   0.77679 -0.04731 -0.24689
   0.80695 -0.04187 -0.24462
   0.83769 -0.03612 -0.24259
   0.86900 -0.03005 -0.24073
   0.90089 -0.02363 -0.23901
   0.93335 -0.01685 -0.23737
   0.96639 -0.00967 -0.23578
   1.00000 -0.00207 -0.23394
