NACA36                                          
 Alfa =   0.00000 Re =    20000.000 Xflap,Yflap =     0.000000    0.000000
#    x        y        Cp  
   1.00000  0.00205 -0.22879
   0.96639  0.00958 -0.23068
   0.93335  0.01668 -0.23233
   0.90089  0.02340 -0.23403
   0.86900  0.02975 -0.23582
   0.83769  0.03577 -0.23775
   0.80695  0.04146 -0.23988
   0.77679  0.04685 -0.24225
   0.74720  0.05194 -0.24494
   0.71818  0.05675 -0.24800
   0.68974  0.06128 -0.25153
   0.66188  0.06554 -0.25562
   0.63459  0.06953 -0.26040
   0.60787  0.07326 -0.26601
   0.58173  0.07672 -0.27262
   0.55616  0.07991 -0.28042
   0.53117  0.08285 -0.28965
   0.50675  0.08552 -0.30051
   0.48291  0.08792 -0.31318
   0.45964  0.09007 -0.32771
   0.43694  0.09194 -0.34390
   0.41482  0.09356 -0.36186
   0.39328  0.09490 -0.38161
   0.37231  0.09599 -0.40285
   0.35191  0.09681 -0.42509
   0.33209  0.09738 -0.44781
   0.31284  0.09768 -0.47044
   0.29417  0.09773 -0.49257
   0.27607  0.09753 -0.51374
   0.25855  0.09708 -0.53365
   0.24160  0.09638 -0.55203
   0.22522  0.09544 -0.56864
   0.20942  0.09427 -0.58331
   0.19420  0.09288 -0.59579
   0.17955  0.09126 -0.60590
   0.16547  0.08942 -0.61345
   0.15197  0.08738 -0.61823
   0.13904  0.08513 -0.61983
   0.12669  0.08269 -0.61810
   0.11491  0.08007 -0.61265
   0.10371  0.07726 -0.60288
   0.09308  0.07429 -0.58859
   0.08302  0.07116 -0.56886
   0.07354  0.06787 -0.54314
   0.06464  0.06444 -0.51051
   0.05631  0.06087 -0.46997
   0.04855  0.05717 -0.42036
   0.04137  0.05335 -0.35987
   0.03476  0.04941 -0.28715
   0.02873  0.04536 -0.20079
   0.02327  0.04121 -0.09875
   0.01839  0.03696  0.01951
   0.01408  0.03262  0.15390
   0.01034  0.02819  0.30327
   0.00718  0.02369  0.46190
   0.00460  0.01910  0.62183
   0.00258  0.01443  0.77016
   0.00115  0.00969  0.89170
   0.00029  0.00488  0.97197
   0.00000  0.00000  1.00003
   0.00029 -0.00488  0.97198
   0.00115 -0.00969  0.89172
   0.00258 -0.01443  0.77012
   0.00460 -0.01910  0.62183
   0.00718 -0.02369  0.46181
   0.01034 -0.02819  0.30329
   0.01408 -0.03262  0.15400
   0.01839 -0.03696  0.01947
   0.02327 -0.04121 -0.09869
   0.02873 -0.04536 -0.20068
   0.03476 -0.04941 -0.28720
   0.04137 -0.05335 -0.35982
   0.04855 -0.05717 -0.42025
   0.05631 -0.06087 -0.47002
   0.06464 -0.06444 -0.51060
   0.07354 -0.06787 -0.54316
   0.08302 -0.07116 -0.56884
   0.09308 -0.07429 -0.58866
   0.10371 -0.07726 -0.60288
   0.11491 -0.08007 -0.61267
   0.12669 -0.08269 -0.61812
   0.13904 -0.08513 -0.61982
   0.15197 -0.08738 -0.61823
   0.16547 -0.08942 -0.61345
   0.17955 -0.09126 -0.60592
   0.19420 -0.09288 -0.59578
   0.20942 -0.09427 -0.58332
   0.22522 -0.09544 -0.56863
   0.24160 -0.09638 -0.55201
   0.25855 -0.09708 -0.53365
   0.27607 -0.09753 -0.51374
   0.29417 -0.09773 -0.49257
   0.31284 -0.09768 -0.47045
   0.33209 -0.09738 -0.44780
   0.35191 -0.09681 -0.42510
   0.37231 -0.09599 -0.40285
   0.39328 -0.09490 -0.38161
   0.41482 -0.09356 -0.36187
   0.43694 -0.09194 -0.34390
   0.45964 -0.09007 -0.32772
   0.48291 -0.08792 -0.31318
   0.50675 -0.08552 -0.30052
   0.53117 -0.08285 -0.28965
   0.55616 -0.07991 -0.28043
   0.58173 -0.07672 -0.27262
   0.60787 -0.07326 -0.26601
   0.63459 -0.06953 -0.26040
   0.66188 -0.06554 -0.25562
   0.68974 -0.06128 -0.25153
   0.71818 -0.05675 -0.24800
   0.74720 -0.05194 -0.24494
   0.77679 -0.04685 -0.24225
   0.80695 -0.04146 -0.23988
   0.83769 -0.03577 -0.23775
   0.86900 -0.02975 -0.23582
   0.90089 -0.02340 -0.23403
   0.93335 -0.01668 -0.23233
   0.96639 -0.00958 -0.23068
   1.00000 -0.00205 -0.22879
