NACA37                                          
 Alfa =   0.00000 Re =    20000.000 Xflap,Yflap =     0.000000    0.000000
#    x        y        Cp  
   1.00000  0.00203 -0.22371
   0.96639  0.00948 -0.22565
   0.93335  0.01652 -0.22735
   0.90089  0.02317 -0.22912
   0.86900  0.02946 -0.23098
   0.83769  0.03542 -0.23299
   0.80695  0.04106 -0.23521
   0.77679  0.04639 -0.23769
   0.74720  0.05144 -0.24050
   0.71818  0.05620 -0.24370
   0.68974  0.06069 -0.24739
   0.66188  0.06491 -0.25167
   0.63459  0.06886 -0.25667
   0.60787  0.07254 -0.26252
   0.58173  0.07597 -0.26940
   0.55616  0.07914 -0.27752
   0.53117  0.08204 -0.28709
   0.50675  0.08468 -0.29830
   0.48291  0.08707 -0.31130
   0.45964  0.08919 -0.32608
   0.43694  0.09105 -0.34247
   0.41482  0.09264 -0.36062
   0.39328  0.09398 -0.38047
   0.37231  0.09506 -0.40169
   0.35191  0.09587 -0.42379
   0.33209  0.09643 -0.44626
   0.31284  0.09673 -0.46858
   0.29417  0.09678 -0.49033
   0.27607  0.09658 -0.51113
   0.25855  0.09613 -0.53066
   0.24160  0.09544 -0.54873
   0.22522  0.09452 -0.56505
   0.20942  0.09336 -0.57942
   0.19420  0.09197 -0.59172
   0.17955  0.09037 -0.60169
   0.16547  0.08855 -0.60907
   0.15197  0.08653 -0.61384
   0.13904  0.08430 -0.61547
   0.12669  0.08189 -0.61386
   0.11491  0.07929 -0.60849
   0.10371  0.07651 -0.59912
   0.09308  0.07357 -0.58505
   0.08302  0.07047 -0.56582
   0.07354  0.06721 -0.54068
   0.06464  0.06381 -0.50864
   0.05631  0.06028 -0.46892
   0.04855  0.05661 -0.42002
   0.04137  0.05283 -0.36046
   0.03476  0.04893 -0.28872
   0.02873  0.04492 -0.20340
   0.02327  0.04081 -0.10248
   0.01839  0.03660  0.01490
   0.01408  0.03230  0.14903
   0.01034  0.02792  0.29811
   0.00718  0.02345  0.45706
   0.00460  0.01891  0.61763
   0.00258  0.01429  0.76732
   0.00115  0.00960  0.89025
   0.00029  0.00483  0.97159
   0.00000  0.00000  1.00003
   0.00029 -0.00483  0.97156
   0.00115 -0.00960  0.89029
   0.00258 -0.01429  0.76741
   0.00460 -0.01891  0.61761
   0.00718 -0.02345  0.45699
   0.01034 -0.02792  0.29792
   0.01408 -0.03230  0.14907
   0.01839 -0.03660  0.01501
   0.02327 -0.04081 -0.10238
   0.02873 -0.04492 -0.20338
   0.03476 -0.04893 -0.28882
   0.04137 -0.05283 -0.36042
   0.04855 -0.05661 -0.41992
   0.05631 -0.06028 -0.46892
   0.06464 -0.06381 -0.50871
   0.07354 -0.06721 -0.54070
   0.08302 -0.07047 -0.56581
   0.09308 -0.07357 -0.58508
   0.10371 -0.07651 -0.59913
   0.11491 -0.07929 -0.60855
   0.12669 -0.08189 -0.61387
   0.13904 -0.08430 -0.61546
   0.15197 -0.08653 -0.61384
   0.16547 -0.08855 -0.60908
   0.17955 -0.09037 -0.60167
   0.19420 -0.09197 -0.59172
   0.20942 -0.09336 -0.57942
   0.22522 -0.09452 -0.56503
   0.24160 -0.09544 -0.54873
   0.25855 -0.09613 -0.53066
   0.27607 -0.09658 -0.51113
   0.29417 -0.09678 -0.49033
   0.31284 -0.09673 -0.46859
   0.33209 -0.09643 -0.44626
   0.35191 -0.09587 -0.42380
   0.37231 -0.09506 -0.40169
   0.39328 -0.09398 -0.38048
   0.41482 -0.09264 -0.36062
   0.43694 -0.09105 -0.34247
   0.45964 -0.08919 -0.32608
   0.48291 -0.08707 -0.31130
   0.50675 -0.08468 -0.29830
   0.53117 -0.08204 -0.28709
   0.55616 -0.07914 -0.27752
   0.58173 -0.07597 -0.26940
   0.60787 -0.07254 -0.26252
   0.63459 -0.06886 -0.25667
   0.66188 -0.06491 -0.25167
   0.68974 -0.06069 -0.24739
   0.71818 -0.05620 -0.24370
   0.74720 -0.05144 -0.24050
   0.77679 -0.04639 -0.23769
   0.80695 -0.04106 -0.23521
   0.83769 -0.03542 -0.23299
   0.86900 -0.02946 -0.23098
   0.90089 -0.02317 -0.22912
   0.93335 -0.01652 -0.22735
   0.96639 -0.00948 -0.22565
   1.00000 -0.00203 -0.22371
