NACA38                                          
 Alfa =   0.00000 Re =    20000.000 Xflap,Yflap =     0.000000    0.000000
#    x        y        Cp  
   1.00000  0.00201 -0.21870
   0.96639  0.00939 -0.22070
   0.93335  0.01636 -0.22246
   0.90089  0.02295 -0.22429
   0.86900  0.02918 -0.22622
   0.83769  0.03508 -0.22832
   0.80695  0.04066 -0.23063
   0.77679  0.04595 -0.23323
   0.74720  0.05094 -0.23616
   0.71818  0.05566 -0.23951
   0.68974  0.06010 -0.24337
   0.66188  0.06428 -0.24784
   0.63459  0.06819 -0.25305
   0.60787  0.07185 -0.25915
   0.58173  0.07524 -0.26631
   0.55616  0.07837 -0.27474
   0.53117  0.08125 -0.28464
   0.50675  0.08387 -0.29618
   0.48291  0.08623 -0.30950
   0.45964  0.08833 -0.32450
   0.43694  0.09017 -0.34109
   0.41482  0.09175 -0.35941
   0.39328  0.09308 -0.37934
   0.37231  0.09414 -0.40052
   0.35191  0.09495 -0.42246
   0.33209  0.09550 -0.44466
   0.31284  0.09580 -0.46668
   0.29417  0.09585 -0.48806
   0.27607  0.09565 -0.50850
   0.25855  0.09521 -0.52767
   0.24160  0.09452 -0.54539
   0.22522  0.09361 -0.56141
   0.20942  0.09246 -0.57557
   0.19420  0.09109 -0.58765
   0.17955  0.08950 -0.59742
   0.16547  0.08770 -0.60477
   0.15197  0.08569 -0.60941
   0.13904  0.08349 -0.61116
   0.12669  0.08110 -0.60960
   0.11491  0.07852 -0.60442
   0.10371  0.07577 -0.59534
   0.09308  0.07286 -0.58153
   0.08302  0.06979 -0.56282
   0.07354  0.06656 -0.53818
   0.06464  0.06320 -0.50687
   0.05631  0.05970 -0.46759
   0.04855  0.05607 -0.41954
   0.04137  0.05232 -0.36113
   0.03476  0.04845 -0.29040
   0.02873  0.04448 -0.20592
   0.02327  0.04041 -0.10586
   0.01839  0.03625  0.01073
   0.01408  0.03199  0.14389
   0.01034  0.02765  0.29287
   0.00718  0.02323  0.45232
   0.00460  0.01873  0.61346
   0.00258  0.01415  0.76453
   0.00115  0.00951  0.88883
   0.00029  0.00479  0.97110
   0.00000  0.00000  1.00003
   0.00029 -0.00479  0.97119
   0.00115 -0.00951  0.88881
   0.00258 -0.01415  0.76445
   0.00460 -0.01873  0.61362
   0.00718 -0.02323  0.45230
   0.01034 -0.02765  0.29268
   0.01408 -0.03199  0.14397
   0.01839 -0.03625  0.01062
   0.02327 -0.04041 -0.10584
   0.02873 -0.04448 -0.20581
   0.03476 -0.04845 -0.29031
   0.04137 -0.05232 -0.36108
   0.04855 -0.05607 -0.41957
   0.05631 -0.05970 -0.46765
   0.06464 -0.06320 -0.50683
   0.07354 -0.06656 -0.53824
   0.08302 -0.06979 -0.56278
   0.09308 -0.07286 -0.58160
   0.10371 -0.07577 -0.59533
   0.11491 -0.07852 -0.60445
   0.12669 -0.08110 -0.60962
   0.13904 -0.08349 -0.61113
   0.15197 -0.08569 -0.60942
   0.16547 -0.08770 -0.60475
   0.17955 -0.08950 -0.59741
   0.19420 -0.09109 -0.58761
   0.20942 -0.09246 -0.57557
   0.22522 -0.09361 -0.56140
   0.24160 -0.09452 -0.54537
   0.25855 -0.09521 -0.52767
   0.27607 -0.09565 -0.50850
   0.29417 -0.09585 -0.48806
   0.31284 -0.09580 -0.46668
   0.33209 -0.09550 -0.44466
   0.35191 -0.09495 -0.42246
   0.37231 -0.09414 -0.40052
   0.39328 -0.09308 -0.37934
   0.41482 -0.09175 -0.35941
   0.43694 -0.09017 -0.34109
   0.45964 -0.08833 -0.32450
   0.48291 -0.08623 -0.30950
   0.50675 -0.08387 -0.29618
   0.53117 -0.08125 -0.28464
   0.55616 -0.07837 -0.27474
   0.58173 -0.07524 -0.26631
   0.60787 -0.07185 -0.25915
   0.63459 -0.06819 -0.25305
   0.66188 -0.06428 -0.24784
   0.68974 -0.06010 -0.24337
   0.71818 -0.05566 -0.23951
   0.74720 -0.05094 -0.23616
   0.77679 -0.04595 -0.23323
   0.80695 -0.04066 -0.23063
   0.83769 -0.03508 -0.22832
   0.86900 -0.02918 -0.22622
   0.90089 -0.02295 -0.22429
   0.93335 -0.01636 -0.22246
   0.96639 -0.00939 -0.22070
   1.00000 -0.00201 -0.21870
