NACA39                                          
 Alfa =   0.00000 Re =    20000.000 Xflap,Yflap =     0.000000    0.000000
#    x        y        Cp  
   1.00000  0.00199 -0.21377
   0.96639  0.00930 -0.21581
   0.93335  0.01620 -0.21763
   0.90089  0.02273 -0.21953
   0.86900  0.02890 -0.22154
   0.83769  0.03474 -0.22372
   0.80695  0.04027 -0.22614
   0.77679  0.04551 -0.22884
   0.74720  0.05046 -0.23191
   0.71818  0.05513 -0.23541
   0.68974  0.05953 -0.23943
   0.66188  0.06367 -0.24410
   0.63459  0.06754 -0.24953
   0.60787  0.07116 -0.25588
   0.58173  0.07452 -0.26333
   0.55616  0.07763 -0.27207
   0.53117  0.08048 -0.28229
   0.50675  0.08307 -0.29417
   0.48291  0.08541 -0.30778
   0.45964  0.08749 -0.32297
   0.43694  0.08931 -0.33975
   0.41482  0.09088 -0.35823
   0.39328  0.09219 -0.37820
   0.37231  0.09324 -0.39930
   0.35191  0.09404 -0.42108
   0.33209  0.09459 -0.44303
   0.31284  0.09489 -0.46470
   0.29417  0.09493 -0.48574
   0.27607  0.09474 -0.50582
   0.25855  0.09430 -0.52468
   0.24160  0.09362 -0.54205
   0.22522  0.09271 -0.55781
   0.20942  0.09158 -0.57167
   0.19420  0.09022 -0.58360
   0.17955  0.08864 -0.59320
   0.16547  0.08686 -0.60051
   0.15197  0.08487 -0.60512
   0.13904  0.08269 -0.60681
   0.12669  0.08032 -0.60540
   0.11491  0.07777 -0.60044
   0.10371  0.07505 -0.59153
   0.09308  0.07216 -0.57809
   0.08302  0.06912 -0.55975
   0.07354  0.06593 -0.53570
   0.06464  0.06260 -0.50481
   0.05631  0.05913 -0.46647
   0.04855  0.05553 -0.41913
   0.04137  0.05182 -0.36163
   0.03476  0.04799 -0.29173
   0.02873  0.04406 -0.20838
   0.02327  0.04003 -0.10939
   0.01839  0.03590  0.00647
   0.01408  0.03169  0.13907
   0.01034  0.02739  0.28772
   0.00718  0.02301  0.44731
   0.00460  0.01855  0.60952
   0.00258  0.01402  0.76167
   0.00115  0.00941  0.88737
   0.00029  0.00474  0.97075
   0.00000  0.00000  1.00003
   0.00029 -0.00474  0.97085
   0.00115 -0.00941  0.88723
   0.00258 -0.01402  0.76168
   0.00460 -0.01855  0.60967
   0.00718 -0.02301  0.44719
   0.01034 -0.02739  0.28762
   0.01408 -0.03169  0.13911
   0.01839 -0.03590  0.00634
   0.02327 -0.04003 -0.10946
   0.02873 -0.04406 -0.20828
   0.03476 -0.04799 -0.29179
   0.04137 -0.05182 -0.36150
   0.04855 -0.05553 -0.41902
   0.05631 -0.05913 -0.46650
   0.06464 -0.06260 -0.50492
   0.07354 -0.06593 -0.53574
   0.08302 -0.06912 -0.55972
   0.09308 -0.07216 -0.57817
   0.10371 -0.07505 -0.59149
   0.11491 -0.07777 -0.60049
   0.12669 -0.08032 -0.60539
   0.13904 -0.08269 -0.60681
   0.15197 -0.08487 -0.60513
   0.16547 -0.08686 -0.60051
   0.17955 -0.08864 -0.59321
   0.19420 -0.09022 -0.58359
   0.20942 -0.09158 -0.57168
   0.22522 -0.09271 -0.55779
   0.24160 -0.09362 -0.54204
   0.25855 -0.09430 -0.52467
   0.27607 -0.09474 -0.50582
   0.29417 -0.09493 -0.48575
   0.31284 -0.09489 -0.46470
   0.33209 -0.09459 -0.44302
   0.35191 -0.09404 -0.42108
   0.37231 -0.09324 -0.39931
   0.39328 -0.09219 -0.37820
   0.41482 -0.09088 -0.35823
   0.43694 -0.08931 -0.33976
   0.45964 -0.08749 -0.32297
   0.48291 -0.08541 -0.30778
   0.50675 -0.08307 -0.29417
   0.53117 -0.08048 -0.28229
   0.55616 -0.07763 -0.27207
   0.58173 -0.07452 -0.26333
   0.60787 -0.07116 -0.25588
   0.63459 -0.06754 -0.24953
   0.66188 -0.06367 -0.24410
   0.68974 -0.05953 -0.23943
   0.71818 -0.05513 -0.23541
   0.74720 -0.05046 -0.23191
   0.77679 -0.04551 -0.22884
   0.80695 -0.04027 -0.22614
   0.83769 -0.03474 -0.22372
   0.86900 -0.02890 -0.22154
   0.90089 -0.02273 -0.21953
   0.93335 -0.01620 -0.21763
   0.96639 -0.00930 -0.21581
   1.00000 -0.00199 -0.21377
