NACA4                                           
 Alfa =   0.00000 Re =    20000.000 Xflap,Yflap =     0.000000    0.000000
#    x        y        Cp  
   1.00000  0.00299 -0.42354
   0.96639  0.01397 -0.42447
   0.93335  0.02433 -0.42512
   0.90089  0.03412 -0.42573
   0.86900  0.04339 -0.42630
   0.83769  0.05216 -0.42683
   0.80695  0.06047 -0.42736
   0.77679  0.06832 -0.42787
   0.74720  0.07575 -0.42839
   0.71818  0.08277 -0.42891
   0.68974  0.08937 -0.42947
   0.66188  0.09559 -0.43006
   0.63459  0.10141 -0.43073
   0.60787  0.10684 -0.43150
   0.58173  0.11188 -0.43242
   0.55616  0.11654 -0.43354
   0.53117  0.12082 -0.43496
   0.50675  0.12472 -0.43676
   0.48291  0.12822 -0.43911
   0.45964  0.13135 -0.44219
   0.43694  0.13409 -0.44626
   0.41482  0.13644 -0.45166
   0.39328  0.13841 -0.45880
   0.37231  0.13999 -0.46826
   0.35191  0.14119 -0.48075
   0.33209  0.14201 -0.49704
   0.31284  0.14246 -0.51770
   0.29417  0.14253 -0.54244
   0.27607  0.14223 -0.57151
   0.25855  0.14157 -0.60434
   0.24160  0.14056 -0.63892
   0.22522  0.13919 -0.67276
   0.20942  0.13749 -0.70388
   0.19420  0.13545 -0.73047
   0.17955  0.13308 -0.75159
   0.16547  0.13041 -0.76640
   0.15197  0.12743 -0.77445
   0.13904  0.12415 -0.77507
   0.12669  0.12059 -0.76800
   0.11491  0.11676 -0.75257
   0.10371  0.11268 -0.72880
   0.09308  0.10835 -0.69558
   0.08302  0.10378 -0.65265
   0.07354  0.09898 -0.59952
   0.06464  0.09398 -0.53549
   0.05631  0.08877 -0.46035
   0.04855  0.08337 -0.37368
   0.04137  0.07780 -0.27521
   0.03476  0.07205 -0.16521
   0.02873  0.06615 -0.04440
   0.02327  0.06010  0.08570
   0.01839  0.05390  0.22261
   0.01408  0.04757  0.36280
   0.01034  0.04112  0.50264
   0.00718  0.03454  0.63566
   0.00460  0.02785  0.75616
   0.00258  0.02105  0.85800
   0.00115  0.01414  0.93523
   0.00029  0.00712  0.98352
   0.00000  0.00000  1.00003
   0.00029 -0.00712  0.98355
   0.00115 -0.01414  0.93519
   0.00258 -0.02105  0.85800
   0.00460 -0.02785  0.75622
   0.00718 -0.03454  0.63562
   0.01034 -0.04112  0.50250
   0.01408 -0.04757  0.36297
   0.01839 -0.05390  0.22258
   0.02327 -0.06010  0.08568
   0.02873 -0.06615 -0.04434
   0.03476 -0.07205 -0.16522
   0.04137 -0.07780 -0.27508
   0.04855 -0.08337 -0.37353
   0.05631 -0.08877 -0.46059
   0.06464 -0.09398 -0.53559
   0.07354 -0.09898 -0.59953
   0.08302 -0.10378 -0.65268
   0.09308 -0.10835 -0.69558
   0.10371 -0.11268 -0.72876
   0.11491 -0.11676 -0.75266
   0.12669 -0.12059 -0.76800
   0.13904 -0.12415 -0.77506
   0.15197 -0.12743 -0.77448
   0.16547 -0.13041 -0.76641
   0.17955 -0.13308 -0.75161
   0.19420 -0.13545 -0.73050
   0.20942 -0.13749 -0.70386
   0.22522 -0.13919 -0.67277
   0.24160 -0.14056 -0.63892
   0.25855 -0.14157 -0.60434
   0.27607 -0.14223 -0.57151
   0.29417 -0.14253 -0.54244
   0.31284 -0.14246 -0.51770
   0.33209 -0.14201 -0.49704
   0.35191 -0.14119 -0.48075
   0.37231 -0.13999 -0.46826
   0.39328 -0.13841 -0.45880
   0.41482 -0.13644 -0.45166
   0.43694 -0.13409 -0.44626
   0.45964 -0.13135 -0.44219
   0.48291 -0.12822 -0.43911
   0.50675 -0.12472 -0.43676
   0.53117 -0.12082 -0.43496
   0.55616 -0.11654 -0.43354
   0.58173 -0.11188 -0.43242
   0.60787 -0.10684 -0.43150
   0.63459 -0.10141 -0.43073
   0.66188 -0.09559 -0.43006
   0.68974 -0.08937 -0.42947
   0.71818 -0.08277 -0.42891
   0.74720 -0.07575 -0.42838
   0.77679 -0.06832 -0.42787
   0.80695 -0.06047 -0.42736
   0.83769 -0.05216 -0.42683
   0.86900 -0.04339 -0.42630
   0.90089 -0.03412 -0.42573
   0.93335 -0.02433 -0.42512
   0.96639 -0.01397 -0.42447
   1.00000 -0.00299 -0.42354
