NACA40                                          
 Alfa =   0.00000 Re =    20000.000 Xflap,Yflap =     0.000000    0.000000
#    x        y        Cp  
   1.00000  0.00197 -0.20891
   0.96639  0.00921 -0.21101
   0.93335  0.01605 -0.21289
   0.90089  0.02251 -0.21485
   0.86900  0.02863 -0.21694
   0.83769  0.03441 -0.21921
   0.80695  0.03989 -0.22173
   0.77679  0.04508 -0.22455
   0.74720  0.04998 -0.22775
   0.71818  0.05461 -0.23140
   0.68974  0.05897 -0.23560
   0.66188  0.06306 -0.24046
   0.63459  0.06690 -0.24612
   0.60787  0.07049 -0.25272
   0.58173  0.07382 -0.26045
   0.55616  0.07689 -0.26950
   0.53117  0.07972 -0.28005
   0.50675  0.08228 -0.29224
   0.48291  0.08460 -0.30611
   0.45964  0.08666 -0.32148
   0.43694  0.08847 -0.33845
   0.41482  0.09002 -0.35705
   0.39328  0.09132 -0.37705
   0.37231  0.09236 -0.39806
   0.35191  0.09315 -0.41965
   0.33209  0.09370 -0.44132
   0.31284  0.09399 -0.46270
   0.29417  0.09404 -0.48338
   0.27607  0.09384 -0.50313
   0.25855  0.09341 -0.52164
   0.24160  0.09274 -0.53872
   0.22522  0.09184 -0.55415
   0.20942  0.09071 -0.56783
   0.19420  0.08936 -0.57951
   0.17955  0.08781 -0.58908
   0.16547  0.08604 -0.59620
   0.15197  0.08407 -0.60084
   0.13904  0.08191 -0.60256
   0.12669  0.07956 -0.60122
   0.11491  0.07704 -0.59641
   0.10371  0.07434 -0.58776
   0.09308  0.07148 -0.57463
   0.08302  0.06847 -0.55674
   0.07354  0.06531 -0.53312
   0.06464  0.06200 -0.50286
   0.05631  0.05857 -0.46527
   0.04855  0.05501 -0.41881
   0.04137  0.05133 -0.36181
   0.03476  0.04754 -0.29301
   0.02873  0.04364 -0.21076
   0.02327  0.03965 -0.11269
   0.01839  0.03556  0.00221
   0.01408  0.03139  0.13445
   0.01034  0.02713  0.28265
   0.00718  0.02279  0.44248
   0.00460  0.01837  0.60543
   0.00258  0.01389  0.75870
   0.00115  0.00933  0.88594
   0.00029  0.00470  0.97039
   0.00000  0.00000  1.00003
   0.00029 -0.00470  0.97035
   0.00115 -0.00933  0.88594
   0.00258 -0.01389  0.75888
   0.00460 -0.01837  0.60538
   0.00718 -0.02279  0.44259
   0.01034 -0.02713  0.28268
   0.01408 -0.03139  0.13427
   0.01839 -0.03556  0.00215
   0.02327 -0.03965 -0.11259
   0.02873 -0.04364 -0.21069
   0.03476 -0.04754 -0.29315
   0.04137 -0.05133 -0.36182
   0.04855 -0.05501 -0.41867
   0.05631 -0.05857 -0.46523
   0.06464 -0.06200 -0.50296
   0.07354 -0.06531 -0.53317
   0.08302 -0.06847 -0.55669
   0.09308 -0.07148 -0.57470
   0.10371 -0.07434 -0.58777
   0.11491 -0.07704 -0.59644
   0.12669 -0.07956 -0.60124
   0.13904 -0.08191 -0.60255
   0.15197 -0.08407 -0.60083
   0.16547 -0.08604 -0.59619
   0.17955 -0.08781 -0.58908
   0.19420 -0.08936 -0.57950
   0.20942 -0.09071 -0.56784
   0.22522 -0.09184 -0.55416
   0.24160 -0.09274 -0.53872
   0.25855 -0.09341 -0.52164
   0.27607 -0.09384 -0.50314
   0.29417 -0.09404 -0.48339
   0.31284 -0.09399 -0.46270
   0.33209 -0.09370 -0.44132
   0.35191 -0.09315 -0.41965
   0.37231 -0.09236 -0.39807
   0.39328 -0.09132 -0.37705
   0.41482 -0.09002 -0.35705
   0.43694 -0.08847 -0.33845
   0.45964 -0.08666 -0.32148
   0.48291 -0.08460 -0.30611
   0.50675 -0.08228 -0.29224
   0.53117 -0.07972 -0.28005
   0.55616 -0.07689 -0.26950
   0.58173 -0.07382 -0.26046
   0.60787 -0.07049 -0.25272
   0.63459 -0.06690 -0.24612
   0.66188 -0.06306 -0.24046
   0.68974 -0.05897 -0.23560
   0.71818 -0.05461 -0.23140
   0.74720 -0.04998 -0.22775
   0.77679 -0.04508 -0.22455
   0.80695 -0.03989 -0.22173
   0.83769 -0.03441 -0.21921
   0.86900 -0.02863 -0.21694
   0.90089 -0.02251 -0.21485
   0.93335 -0.01605 -0.21289
   0.96639 -0.00921 -0.21101
   1.00000 -0.00197 -0.20891
