NACA41                                          
 Alfa =   0.00000 Re =    20000.000 Xflap,Yflap =     0.000000    0.000000
#    x        y        Cp  
   1.00000  0.00196 -0.20412
   0.96639  0.00913 -0.20628
   0.93335  0.01590 -0.20822
   0.90089  0.02230 -0.21025
   0.86900  0.02836 -0.21242
   0.83769  0.03409 -0.21478
   0.80695  0.03952 -0.21740
   0.77679  0.04466 -0.22034
   0.74720  0.04951 -0.22367
   0.71818  0.05410 -0.22748
   0.68974  0.05841 -0.23186
   0.66188  0.06247 -0.23692
   0.63459  0.06628 -0.24281
   0.60787  0.06983 -0.24967
   0.58173  0.07313 -0.25768
   0.55616  0.07617 -0.26704
   0.53117  0.07897 -0.27790
   0.50675  0.08151 -0.29038
   0.48291  0.08381 -0.30448
   0.45964  0.08585 -0.32003
   0.43694  0.08764 -0.33717
   0.41482  0.08918 -0.35587
   0.39328  0.09046 -0.37587
   0.37231  0.09150 -0.39678
   0.35191  0.09228 -0.41816
   0.33209  0.09282 -0.43957
   0.31284  0.09311 -0.46062
   0.29417  0.09316 -0.48098
   0.27607  0.09296 -0.50038
   0.25855  0.09253 -0.51856
   0.24160  0.09187 -0.53534
   0.22522  0.09098 -0.55055
   0.20942  0.08986 -0.56401
   0.19420  0.08853 -0.57546
   0.17955  0.08698 -0.58490
   0.16547  0.08523 -0.59193
   0.15197  0.08328 -0.59656
   0.13904  0.08114 -0.59830
   0.12669  0.07882 -0.59704
   0.11491  0.07632 -0.59244
   0.10371  0.07365 -0.58402
   0.09308  0.07081 -0.57118
   0.08302  0.06783 -0.55363
   0.07354  0.06469 -0.53049
   0.06464  0.06142 -0.50094
   0.05631  0.05802 -0.46394
   0.04855  0.05449 -0.41822
   0.04137  0.05085 -0.36225
   0.03476  0.04709 -0.29428
   0.02873  0.04324 -0.21307
   0.02327  0.03928 -0.11587
   0.01839  0.03523 -0.00181
   0.01408  0.03109  0.12956
   0.01034  0.02687  0.27765
   0.00718  0.02258  0.43777
   0.00460  0.01820  0.60142
   0.00258  0.01376  0.75595
   0.00115  0.00924  0.88445
   0.00029  0.00465  0.96995
   0.00000  0.00000  1.00003
   0.00029 -0.00465  0.96995
   0.00115 -0.00924  0.88442
   0.00258 -0.01376  0.75606
   0.00460 -0.01820  0.60143
   0.00718 -0.02258  0.43772
   0.01034 -0.02687  0.27778
   0.01408 -0.03109  0.12952
   0.01839 -0.03523 -0.00196
   0.02327 -0.03928 -0.11567
   0.02873 -0.04324 -0.21297
   0.03476 -0.04709 -0.29443
   0.04137 -0.05085 -0.36226
   0.04855 -0.05449 -0.41812
   0.05631 -0.05802 -0.46388
   0.06464 -0.06142 -0.50107
   0.07354 -0.06469 -0.53048
   0.08302 -0.06783 -0.55357
   0.09308 -0.07081 -0.57127
   0.10371 -0.07365 -0.58402
   0.11491 -0.07632 -0.59246
   0.12669 -0.07882 -0.59704
   0.13904 -0.08114 -0.59829
   0.15197 -0.08328 -0.59656
   0.16547 -0.08523 -0.59192
   0.17955 -0.08698 -0.58491
   0.19420 -0.08853 -0.57546
   0.20942 -0.08986 -0.56400
   0.22522 -0.09098 -0.55055
   0.24160 -0.09187 -0.53534
   0.25855 -0.09253 -0.51857
   0.27607 -0.09296 -0.50038
   0.29417 -0.09316 -0.48099
   0.31284 -0.09311 -0.46063
   0.33209 -0.09282 -0.43957
   0.35191 -0.09228 -0.41816
   0.37231 -0.09150 -0.39678
   0.39328 -0.09046 -0.37587
   0.41482 -0.08918 -0.35587
   0.43694 -0.08764 -0.33717
   0.45964 -0.08585 -0.32003
   0.48291 -0.08381 -0.30448
   0.50675 -0.08151 -0.29038
   0.53117 -0.07897 -0.27790
   0.55616 -0.07617 -0.26704
   0.58173 -0.07313 -0.25768
   0.60787 -0.06983 -0.24967
   0.63459 -0.06628 -0.24281
   0.66188 -0.06247 -0.23692
   0.68974 -0.05841 -0.23186
   0.71818 -0.05410 -0.22748
   0.74720 -0.04951 -0.22367
   0.77679 -0.04466 -0.22034
   0.80695 -0.03952 -0.21740
   0.83769 -0.03409 -0.21478
   0.86900 -0.02836 -0.21242
   0.90089 -0.02230 -0.21025
   0.93335 -0.01590 -0.20822
   0.96639 -0.00913 -0.20628
   1.00000 -0.00196 -0.20412
