NACA42                                          
 Alfa =   0.00000 Re =    20000.000 Xflap,Yflap =     0.000000    0.000000
#    x        y        Cp  
   1.00000  0.00194 -0.19942
   0.96639  0.00904 -0.20163
   0.93335  0.01575 -0.20363
   0.90089  0.02210 -0.20574
   0.86900  0.02810 -0.20798
   0.83769  0.03378 -0.21044
   0.80695  0.03915 -0.21317
   0.77679  0.04424 -0.21623
   0.74720  0.04905 -0.21970
   0.71818  0.05359 -0.22366
   0.68974  0.05787 -0.22822
   0.66188  0.06190 -0.23349
   0.63459  0.06566 -0.23960
   0.60787  0.06918 -0.24672
   0.58173  0.07245 -0.25502
   0.55616  0.07547 -0.26468
   0.53117  0.07824 -0.27584
   0.50675  0.08076 -0.28861
   0.48291  0.08303 -0.30290
   0.45964  0.08505 -0.31863
   0.43694  0.08682 -0.33593
   0.41482  0.08835 -0.35471
   0.39328  0.08962 -0.37468
   0.37231  0.09065 -0.39547
   0.35191  0.09143 -0.41663
   0.33209  0.09196 -0.43777
   0.31284  0.09225 -0.45851
   0.29417  0.09229 -0.47855
   0.27607  0.09210 -0.49762
   0.25855  0.09167 -0.51550
   0.24160  0.09102 -0.53198
   0.22522  0.09013 -0.54693
   0.20942  0.08903 -0.56016
   0.19420  0.08771 -0.57146
   0.17955  0.08618 -0.58077
   0.16547  0.08444 -0.58776
   0.15197  0.08251 -0.59226
   0.13904  0.08039 -0.59409
   0.12669  0.07809 -0.59295
   0.11491  0.07561 -0.58845
   0.10371  0.07296 -0.58018
   0.09308  0.07016 -0.56780
   0.08302  0.06720 -0.55064
   0.07354  0.06409 -0.52796
   0.06464  0.06085 -0.49888
   0.05631  0.05748 -0.46246
   0.04855  0.05399 -0.41762
   0.04137  0.05038 -0.36250
   0.03476  0.04666 -0.29555
   0.02873  0.04284 -0.21528
   0.02327  0.03892 -0.11907
   0.01839  0.03490 -0.00577
   0.01408  0.03080  0.12498
   0.01034  0.02662  0.27270
   0.00718  0.02237  0.43311
   0.00460  0.01803  0.59737
   0.00258  0.01363  0.75315
   0.00115  0.00915  0.88296
   0.00029  0.00461  0.96956
   0.00000  0.00000  1.00003
   0.00029 -0.00461  0.96951
   0.00115 -0.00915  0.88295
   0.00258 -0.01363  0.75325
   0.00460 -0.01803  0.59744
   0.00718 -0.02237  0.43303
   0.01034 -0.02662  0.27271
   0.01408 -0.03080  0.12498
   0.01839 -0.03490 -0.00589
   0.02327 -0.03892 -0.11897
   0.02873 -0.04284 -0.21518
   0.03476 -0.04666 -0.29562
   0.04137 -0.05038 -0.36247
   0.04855 -0.05399 -0.41757
   0.05631 -0.05748 -0.46249
   0.06464 -0.06085 -0.49898
   0.07354 -0.06409 -0.52796
   0.08302 -0.06720 -0.55059
   0.09308 -0.07016 -0.56788
   0.10371 -0.07296 -0.58017
   0.11491 -0.07561 -0.58850
   0.12669 -0.07809 -0.59295
   0.13904 -0.08039 -0.59407
   0.15197 -0.08251 -0.59228
   0.16547 -0.08444 -0.58776
   0.17955 -0.08618 -0.58078
   0.19420 -0.08771 -0.57146
   0.20942 -0.08903 -0.56015
   0.22522 -0.09013 -0.54692
   0.24160 -0.09102 -0.53198
   0.25855 -0.09167 -0.51550
   0.27607 -0.09210 -0.49762
   0.29417 -0.09229 -0.47855
   0.31284 -0.09225 -0.45851
   0.33209 -0.09196 -0.43777
   0.35191 -0.09143 -0.41663
   0.37231 -0.09065 -0.39547
   0.39328 -0.08962 -0.37468
   0.41482 -0.08835 -0.35470
   0.43694 -0.08682 -0.33593
   0.45964 -0.08505 -0.31863
   0.48291 -0.08303 -0.30290
   0.50675 -0.08076 -0.28861
   0.53117 -0.07824 -0.27584
   0.55616 -0.07547 -0.26468
   0.58173 -0.07245 -0.25502
   0.60787 -0.06918 -0.24672
   0.63459 -0.06566 -0.23960
   0.66188 -0.06190 -0.23349
   0.68974 -0.05787 -0.22822
   0.71818 -0.05359 -0.22366
   0.74720 -0.04905 -0.21970
   0.77679 -0.04424 -0.21623
   0.80695 -0.03915 -0.21317
   0.83769 -0.03378 -0.21044
   0.86900 -0.02810 -0.20798
   0.90089 -0.02210 -0.20574
   0.93335 -0.01575 -0.20363
   0.96639 -0.00904 -0.20163
   1.00000 -0.00194 -0.19942
