NACA43                                          
 Alfa =   0.00000 Re =    20000.000 Xflap,Yflap =     0.000000    0.000000
#    x        y        Cp  
   1.00000  0.00192 -0.19479
   0.96639  0.00896 -0.19706
   0.93335  0.01561 -0.19912
   0.90089  0.02189 -0.20130
   0.86900  0.02784 -0.20363
   0.83769  0.03347 -0.20618
   0.80695  0.03879 -0.20902
   0.77679  0.04383 -0.21220
   0.74720  0.04860 -0.21581
   0.71818  0.05310 -0.21994
   0.68974  0.05734 -0.22468
   0.66188  0.06133 -0.23015
   0.63459  0.06506 -0.23650
   0.60787  0.06854 -0.24388
   0.58173  0.07178 -0.25246
   0.55616  0.07477 -0.26241
   0.53117  0.07752 -0.27387
   0.50675  0.08002 -0.28690
   0.48291  0.08227 -0.30136
   0.45964  0.08427 -0.31726
   0.43694  0.08603 -0.33470
   0.41482  0.08754 -0.35354
   0.39328  0.08880 -0.37347
   0.37231  0.08982 -0.39412
   0.35191  0.09059 -0.41506
   0.33209  0.09111 -0.43593
   0.31284  0.09140 -0.45635
   0.29417  0.09145 -0.47609
   0.27607  0.09126 -0.49482
   0.25855  0.09083 -0.51239
   0.24160  0.09018 -0.52865
   0.22522  0.08930 -0.54333
   0.20942  0.08821 -0.55634
   0.19420  0.08690 -0.56750
   0.17955  0.08539 -0.57663
   0.16547  0.08367 -0.58359
   0.15197  0.08175 -0.58807
   0.13904  0.07965 -0.58996
   0.12669  0.07737 -0.58885
   0.11491  0.07491 -0.58447
   0.10371  0.07229 -0.57652
   0.09308  0.06951 -0.56432
   0.08302  0.06658 -0.54764
   0.07354  0.06351 -0.52529
   0.06464  0.06029 -0.49689
   0.05631  0.05695 -0.46105
   0.04855  0.05349 -0.41699
   0.04137  0.04991 -0.36279
   0.03476  0.04623 -0.29659
   0.02873  0.04244 -0.21726
   0.02327  0.03856 -0.12197
   0.01839  0.03458 -0.00981
   0.01408  0.03052  0.12039
   0.01034  0.02638  0.26804
   0.00718  0.02216  0.42831
   0.00460  0.01787  0.59328
   0.00258  0.01350  0.75041
   0.00115  0.00907  0.88148
   0.00029  0.00457  0.96910
   0.00000  0.00000  1.00003
   0.00029 -0.00457  0.96917
   0.00115 -0.00907  0.88142
   0.00258 -0.01350  0.75038
   0.00460 -0.01787  0.59344
   0.00718 -0.02216  0.42816
   0.01034 -0.02638  0.26782
   0.01408 -0.03052  0.12049
   0.01839 -0.03458 -0.00980
   0.02327 -0.03856 -0.12195
   0.02873 -0.04244 -0.21719
   0.03476 -0.04623 -0.29665
   0.04137 -0.04991 -0.36268
   0.04855 -0.05349 -0.41691
   0.05631 -0.05695 -0.46113
   0.06464 -0.06029 -0.49696
   0.07354 -0.06351 -0.52533
   0.08302 -0.06658 -0.54765
   0.09308 -0.06951 -0.56435
   0.10371 -0.07229 -0.57651
   0.11491 -0.07491 -0.58453
   0.12669 -0.07737 -0.58887
   0.13904 -0.07965 -0.58995
   0.15197 -0.08175 -0.58809
   0.16547 -0.08367 -0.58356
   0.17955 -0.08539 -0.57666
   0.19420 -0.08690 -0.56748
   0.20942 -0.08821 -0.55634
   0.22522 -0.08930 -0.54333
   0.24160 -0.09018 -0.52864
   0.25855 -0.09083 -0.51240
   0.27607 -0.09126 -0.49482
   0.29417 -0.09145 -0.47609
   0.31284 -0.09140 -0.45635
   0.33209 -0.09111 -0.43593
   0.35191 -0.09059 -0.41507
   0.37231 -0.08982 -0.39412
   0.39328 -0.08880 -0.37347
   0.41482 -0.08754 -0.35354
   0.43694 -0.08603 -0.33470
   0.45964 -0.08427 -0.31727
   0.48291 -0.08227 -0.30136
   0.50675 -0.08002 -0.28690
   0.53117 -0.07752 -0.27387
   0.55616 -0.07477 -0.26241
   0.58173 -0.07178 -0.25246
   0.60787 -0.06854 -0.24388
   0.63459 -0.06506 -0.23650
   0.66188 -0.06133 -0.23015
   0.68974 -0.05734 -0.22468
   0.71818 -0.05310 -0.21994
   0.74720 -0.04860 -0.21582
   0.77679 -0.04383 -0.21220
   0.80695 -0.03879 -0.20902
   0.83769 -0.03347 -0.20618
   0.86900 -0.02784 -0.20363
   0.90089 -0.02189 -0.20130
   0.93335 -0.01561 -0.19912
   0.96639 -0.00896 -0.19706
   1.00000 -0.00192 -0.19479
