NACA44                                          
 Alfa =   0.00000 Re =    20000.000 Xflap,Yflap =     0.000000    0.000000
#    x        y        Cp  
   1.00000  0.00190 -0.19024
   0.96639  0.00888 -0.19256
   0.93335  0.01547 -0.19470
   0.90089  0.02169 -0.19695
   0.86900  0.02758 -0.19936
   0.83769  0.03316 -0.20201
   0.80695  0.03844 -0.20496
   0.77679  0.04344 -0.20827
   0.74720  0.04816 -0.21203
   0.71818  0.05262 -0.21631
   0.68974  0.05682 -0.22124
   0.66188  0.06077 -0.22692
   0.63459  0.06447 -0.23350
   0.60787  0.06792 -0.24115
   0.58173  0.07113 -0.25001
   0.55616  0.07409 -0.26025
   0.53117  0.07681 -0.27199
   0.50675  0.07929 -0.28525
   0.48291  0.08152 -0.29987
   0.45964  0.08350 -0.31594
   0.43694  0.08524 -0.33350
   0.41482  0.08674 -0.35237
   0.39328  0.08799 -0.37224
   0.37231  0.08900 -0.39273
   0.35191  0.08976 -0.41346
   0.33209  0.09028 -0.43405
   0.31284  0.09057 -0.45418
   0.29417  0.09061 -0.47358
   0.27607  0.09042 -0.49202
   0.25855  0.09001 -0.50931
   0.24160  0.08936 -0.52529
   0.22522  0.08849 -0.53974
   0.20942  0.08741 -0.55253
   0.19420  0.08611 -0.56354
   0.17955  0.08461 -0.57251
   0.16547  0.08291 -0.57942
   0.15197  0.08101 -0.58387
   0.13904  0.07893 -0.58576
   0.12669  0.07667 -0.58479
   0.11491  0.07423 -0.58061
   0.10371  0.07164 -0.57284
   0.09308  0.06888 -0.56088
   0.08302  0.06597 -0.54457
   0.07354  0.06293 -0.52277
   0.06464  0.05974 -0.49484
   0.05631  0.05644 -0.45982
   0.04855  0.05300 -0.41631
   0.04137  0.04946 -0.36274
   0.03476  0.04581 -0.29766
   0.02873  0.04205 -0.21911
   0.02327  0.03821 -0.12494
   0.01839  0.03427 -0.01359
   0.01408  0.03024  0.11591
   0.01034  0.02614  0.26306
   0.00718  0.02196  0.42370
   0.00460  0.01770  0.58949
   0.00258  0.01338  0.74740
   0.00115  0.00899  0.87989
   0.00029  0.00453  0.96877
   0.00000  0.00000  1.00003
   0.00029 -0.00453  0.96874
   0.00115 -0.00899  0.87997
   0.00258 -0.01338  0.74763
   0.00460 -0.01770  0.58929
   0.00718 -0.02196  0.42368
   0.01034 -0.02614  0.26305
   0.01408 -0.03024  0.11592
   0.01839 -0.03427 -0.01352
   0.02327 -0.03821 -0.12500
   0.02873 -0.04205 -0.21906
   0.03476 -0.04581 -0.29772
   0.04137 -0.04946 -0.36275
   0.04855 -0.05300 -0.41620
   0.05631 -0.05644 -0.45979
   0.06464 -0.05974 -0.49492
   0.07354 -0.06293 -0.52283
   0.08302 -0.06597 -0.54453
   0.09308 -0.06888 -0.56093
   0.10371 -0.07164 -0.57285
   0.11491 -0.07423 -0.58062
   0.12669 -0.07667 -0.58481
   0.13904 -0.07893 -0.58576
   0.15197 -0.08101 -0.58388
   0.16547 -0.08291 -0.57941
   0.17955 -0.08461 -0.57253
   0.19420 -0.08611 -0.56352
   0.20942 -0.08741 -0.55254
   0.22522 -0.08849 -0.53974
   0.24160 -0.08936 -0.52529
   0.25855 -0.09001 -0.50931
   0.27607 -0.09042 -0.49202
   0.29417 -0.09061 -0.47359
   0.31284 -0.09057 -0.45419
   0.33209 -0.09028 -0.43404
   0.35191 -0.08976 -0.41346
   0.37231 -0.08900 -0.39274
   0.39328 -0.08799 -0.37224
   0.41482 -0.08674 -0.35237
   0.43694 -0.08524 -0.33350
   0.45964 -0.08350 -0.31594
   0.48291 -0.08152 -0.29987
   0.50675 -0.07929 -0.28525
   0.53117 -0.07681 -0.27199
   0.55616 -0.07409 -0.26025
   0.58173 -0.07113 -0.25001
   0.60787 -0.06792 -0.24115
   0.63459 -0.06447 -0.23351
   0.66188 -0.06077 -0.22692
   0.68974 -0.05682 -0.22124
   0.71818 -0.05262 -0.21631
   0.74720 -0.04816 -0.21203
   0.77679 -0.04344 -0.20827
   0.80695 -0.03844 -0.20496
   0.83769 -0.03316 -0.20201
   0.86900 -0.02758 -0.19936
   0.90089 -0.02169 -0.19695
   0.93335 -0.01547 -0.19470
   0.96639 -0.00888 -0.19256
   1.00000 -0.00190 -0.19024
