NACA45                                          
 Alfa =   0.00000 Re =    20000.000 Xflap,Yflap =     0.000000    0.000000
#    x        y        Cp  
   1.00000  0.00189 -0.18577
   0.96639  0.00880 -0.18815
   0.93335  0.01533 -0.19036
   0.90089  0.02150 -0.19268
   0.86900  0.02733 -0.19518
   0.83769  0.03286 -0.19793
   0.80695  0.03809 -0.20099
   0.77679  0.04304 -0.20443
   0.74720  0.04772 -0.20833
   0.71818  0.05214 -0.21279
   0.68974  0.05631 -0.21790
   0.66188  0.06022 -0.22379
   0.63459  0.06389 -0.23061
   0.60787  0.06731 -0.23851
   0.58173  0.07049 -0.24765
   0.55616  0.07342 -0.25817
   0.53117  0.07612 -0.27018
   0.50675  0.07857 -0.28364
   0.48291  0.08078 -0.29842
   0.45964  0.08275 -0.31465
   0.43694  0.08448 -0.33230
   0.41482  0.08596 -0.35119
   0.39328  0.08720 -0.37098
   0.37231  0.08820 -0.39131
   0.35191  0.08895 -0.41181
   0.33209  0.08947 -0.43211
   0.31284  0.08975 -0.45196
   0.29417  0.08980 -0.47106
   0.27607  0.08961 -0.48920
   0.25855  0.08919 -0.50622
   0.24160  0.08855 -0.52190
   0.22522  0.08769 -0.53614
   0.20942  0.08662 -0.54876
   0.19420  0.08533 -0.55963
   0.17955  0.08384 -0.56852
   0.16547  0.08216 -0.57529
   0.15197  0.08028 -0.57972
   0.13904  0.07822 -0.58167
   0.12669  0.07597 -0.58076
   0.11491  0.07356 -0.57671
   0.10371  0.07099 -0.56912
   0.09308  0.06826 -0.55759
   0.08302  0.06538 -0.54150
   0.07354  0.06236 -0.52015
   0.06464  0.05920 -0.49267
   0.05631  0.05593 -0.45827
   0.04855  0.05253 -0.41566
   0.04137  0.04901 -0.36287
   0.03476  0.04539 -0.29875
   0.02873  0.04168 -0.22113
   0.02327  0.03786 -0.12773
   0.01839  0.03396 -0.01717
   0.01408  0.02997  0.11156
   0.01034  0.02590  0.25841
   0.00718  0.02176  0.41891
   0.00460  0.01754  0.58545
   0.00258  0.01326  0.74478
   0.00115  0.00891  0.87845
   0.00029  0.00448  0.96829
   0.00000  0.00000  1.00003
   0.00029 -0.00448  0.96833
   0.00115 -0.00891  0.87847
   0.00258 -0.01326  0.74471
   0.00460 -0.01754  0.58547
   0.00718 -0.02176  0.41904
   0.01034 -0.02590  0.25828
   0.01408 -0.02997  0.11152
   0.01839 -0.03396 -0.01725
   0.02327 -0.03786 -0.12774
   0.02873 -0.04168 -0.22106
   0.03476 -0.04539 -0.29877
   0.04137 -0.04901 -0.36282
   0.04855 -0.05253 -0.41554
   0.05631 -0.05593 -0.45828
   0.06464 -0.05920 -0.49274
   0.07354 -0.06236 -0.52017
   0.08302 -0.06538 -0.54148
   0.09308 -0.06826 -0.55767
   0.10371 -0.07099 -0.56910
   0.11491 -0.07356 -0.57676
   0.12669 -0.07597 -0.58074
   0.13904 -0.07822 -0.58166
   0.15197 -0.08028 -0.57974
   0.16547 -0.08216 -0.57527
   0.17955 -0.08384 -0.56853
   0.19420 -0.08533 -0.55960
   0.20942 -0.08662 -0.54876
   0.22522 -0.08769 -0.53614
   0.24160 -0.08855 -0.52190
   0.25855 -0.08919 -0.50622
   0.27607 -0.08961 -0.48919
   0.29417 -0.08980 -0.47107
   0.31284 -0.08975 -0.45197
   0.33209 -0.08947 -0.43211
   0.35191 -0.08895 -0.41181
   0.37231 -0.08820 -0.39131
   0.39328 -0.08720 -0.37098
   0.41482 -0.08596 -0.35119
   0.43694 -0.08448 -0.33230
   0.45964 -0.08275 -0.31465
   0.48291 -0.08078 -0.29842
   0.50675 -0.07857 -0.28364
   0.53117 -0.07612 -0.27018
   0.55616 -0.07342 -0.25818
   0.58173 -0.07049 -0.24765
   0.60787 -0.06731 -0.23851
   0.63459 -0.06389 -0.23061
   0.66188 -0.06022 -0.22379
   0.68974 -0.05631 -0.21790
   0.71818 -0.05214 -0.21279
   0.74720 -0.04772 -0.20833
   0.77679 -0.04304 -0.20443
   0.80695 -0.03809 -0.20099
   0.83769 -0.03286 -0.19793
   0.86900 -0.02733 -0.19518
   0.90089 -0.02150 -0.19268
   0.93335 -0.01533 -0.19036
   0.96639 -0.00880 -0.18815
   1.00000 -0.00189 -0.18577
