NACA46                                          
 Alfa =   0.00000 Re =    20000.000 Xflap,Yflap =     0.000000    0.000000
#    x        y        Cp  
   1.00000  0.00187 -0.18137
   0.96639  0.00872 -0.18382
   0.93335  0.01519 -0.18609
   0.90089  0.02130 -0.18849
   0.86900  0.02709 -0.19108
   0.83769  0.03257 -0.19393
   0.80695  0.03775 -0.19711
   0.77679  0.04266 -0.20068
   0.74720  0.04730 -0.20473
   0.71818  0.05168 -0.20935
   0.68974  0.05580 -0.21465
   0.66188  0.05968 -0.22076
   0.63459  0.06331 -0.22782
   0.60787  0.06671 -0.23598
   0.58173  0.06986 -0.24539
   0.55616  0.07277 -0.25619
   0.53117  0.07544 -0.26844
   0.50675  0.07787 -0.28207
   0.48291  0.08006 -0.29702
   0.45964  0.08201 -0.31339
   0.43694  0.08372 -0.33112
   0.41482  0.08519 -0.35000
   0.39328  0.08642 -0.36970
   0.37231  0.08741 -0.38985
   0.35191  0.08816 -0.41012
   0.33209  0.08867 -0.43016
   0.31284  0.08895 -0.44971
   0.29417  0.08899 -0.46852
   0.27607  0.08881 -0.48637
   0.25855  0.08839 -0.50309
   0.24160  0.08776 -0.51856
   0.22522  0.08691 -0.53258
   0.20942  0.08584 -0.54499
   0.19420  0.08457 -0.55573
   0.17955  0.08309 -0.56448
   0.16547  0.08142 -0.57122
   0.15197  0.07956 -0.57561
   0.13904  0.07751 -0.57755
   0.12669  0.07530 -0.57679
   0.11491  0.07290 -0.57282
   0.10371  0.07035 -0.56547
   0.09308  0.06765 -0.55416
   0.08302  0.06479 -0.53847
   0.07354  0.06180 -0.51752
   0.06464  0.05868 -0.49066
   0.05631  0.05542 -0.45684
   0.04855  0.05206 -0.41479
   0.04137  0.04857 -0.36295
   0.03476  0.04499 -0.29950
   0.02873  0.04130 -0.22288
   0.02327  0.03752 -0.13061
   0.01839  0.03365 -0.02096
   0.01408  0.02970  0.10719
   0.01034  0.02567  0.25382
   0.00718  0.02157  0.41446
   0.00460  0.01739  0.58147
   0.00258  0.01314  0.74182
   0.00115  0.00883  0.87689
   0.00029  0.00445  0.96798
   0.00000  0.00000  1.00003
   0.00029 -0.00445  0.96788
   0.00115 -0.00883  0.87705
   0.00258 -0.01314  0.74191
   0.00460 -0.01739  0.58137
   0.00718 -0.02157  0.41451
   0.01034 -0.02567  0.25357
   0.01408 -0.02970  0.10723
   0.01839 -0.03365 -0.02087
   0.02327 -0.03752 -0.13061
   0.02873 -0.04130 -0.22282
   0.03476 -0.04499 -0.29959
   0.04137 -0.04857 -0.36294
   0.04855 -0.05206 -0.41474
   0.05631 -0.05542 -0.45677
   0.06464 -0.05868 -0.49072
   0.07354 -0.06180 -0.51752
   0.08302 -0.06479 -0.53845
   0.09308 -0.06765 -0.55425
   0.10371 -0.07035 -0.56546
   0.11491 -0.07290 -0.57287
   0.12669 -0.07530 -0.57681
   0.13904 -0.07751 -0.57753
   0.15197 -0.07956 -0.57563
   0.16547 -0.08142 -0.57120
   0.17955 -0.08309 -0.56449
   0.19420 -0.08457 -0.55571
   0.20942 -0.08584 -0.54499
   0.22522 -0.08691 -0.53258
   0.24160 -0.08776 -0.51856
   0.25855 -0.08839 -0.50310
   0.27607 -0.08881 -0.48638
   0.29417 -0.08899 -0.46852
   0.31284 -0.08895 -0.44972
   0.33209 -0.08867 -0.43016
   0.35191 -0.08816 -0.41012
   0.37231 -0.08741 -0.38986
   0.39328 -0.08642 -0.36970
   0.41482 -0.08519 -0.35000
   0.43694 -0.08372 -0.33112
   0.45964 -0.08201 -0.31339
   0.48291 -0.08006 -0.29702
   0.50675 -0.07787 -0.28208
   0.53117 -0.07544 -0.26844
   0.55616 -0.07277 -0.25619
   0.58173 -0.06986 -0.24539
   0.60787 -0.06671 -0.23598
   0.63459 -0.06331 -0.22782
   0.66188 -0.05968 -0.22076
   0.68974 -0.05580 -0.21465
   0.71818 -0.05168 -0.20935
   0.74720 -0.04730 -0.20473
   0.77679 -0.04266 -0.20068
   0.80695 -0.03775 -0.19711
   0.83769 -0.03257 -0.19393
   0.86900 -0.02709 -0.19108
   0.90089 -0.02130 -0.18849
   0.93335 -0.01519 -0.18609
   0.96639 -0.00872 -0.18382
   1.00000 -0.00187 -0.18137
