NACA47                                          
 Alfa =   0.00000 Re =    20000.000 Xflap,Yflap =     0.000000    0.000000
#    x        y        Cp  
   1.00000  0.00185 -0.17706
   0.96639  0.00864 -0.17957
   0.93335  0.01505 -0.18191
   0.90089  0.02112 -0.18439
   0.86900  0.02685 -0.18707
   0.83769  0.03228 -0.19002
   0.80695  0.03742 -0.19331
   0.77679  0.04228 -0.19702
   0.74720  0.04688 -0.20122
   0.71818  0.05122 -0.20601
   0.68974  0.05531 -0.21151
   0.66188  0.05915 -0.21783
   0.63459  0.06275 -0.22513
   0.60787  0.06611 -0.23355
   0.58173  0.06924 -0.24323
   0.55616  0.07212 -0.25428
   0.53117  0.07477 -0.26677
   0.50675  0.07718 -0.28056
   0.48291  0.07935 -0.29566
   0.45964  0.08128 -0.31215
   0.43694  0.08298 -0.32995
   0.41482  0.08443 -0.34880
   0.39328  0.08565 -0.36839
   0.37231  0.08663 -0.38837
   0.35191  0.08738 -0.40840
   0.33209  0.08788 -0.42817
   0.31284  0.08816 -0.44745
   0.29417  0.08820 -0.46595
   0.27607  0.08802 -0.48354
   0.25855  0.08761 -0.50001
   0.24160  0.08698 -0.51520
   0.22522  0.08614 -0.52899
   0.20942  0.08508 -0.54124
   0.19420  0.08382 -0.55182
   0.17955  0.08236 -0.56047
   0.16547  0.08070 -0.56714
   0.15197  0.07886 -0.57157
   0.13904  0.07683 -0.57347
   0.12669  0.07463 -0.57279
   0.11491  0.07226 -0.56906
   0.10371  0.06973 -0.56189
   0.09308  0.06705 -0.55083
   0.08302  0.06422 -0.53546
   0.07354  0.06125 -0.51490
   0.06464  0.05816 -0.48857
   0.05631  0.05493 -0.45533
   0.04855  0.05159 -0.41397
   0.04137  0.04814 -0.36287
   0.03476  0.04459 -0.30034
   0.02873  0.04094 -0.22462
   0.02327  0.03719 -0.13326
   0.01839  0.03336 -0.02434
   0.01408  0.02944  0.10290
   0.01034  0.02544  0.24899
   0.00718  0.02138  0.40990
   0.00460  0.01723  0.57756
   0.00258  0.01302  0.73897
   0.00115  0.00875  0.87526
   0.00029  0.00441  0.96768
   0.00000  0.00000  1.00003
   0.00029 -0.00441  0.96748
   0.00115 -0.00875  0.87555
   0.00258 -0.01302  0.73915
   0.00460 -0.01723  0.57744
   0.00718 -0.02138  0.40986
   0.01034 -0.02544  0.24911
   0.01408 -0.02944  0.10286
   0.01839 -0.03336 -0.02451
   0.02327 -0.03719 -0.13312
   0.02873 -0.04094 -0.22458
   0.03476 -0.04459 -0.30043
   0.04137 -0.04814 -0.36289
   0.04855 -0.05159 -0.41387
   0.05631 -0.05493 -0.45526
   0.06464 -0.05816 -0.48866
   0.07354 -0.06125 -0.51493
   0.08302 -0.06422 -0.53540
   0.09308 -0.06705 -0.55092
   0.10371 -0.06973 -0.56187
   0.11491 -0.07226 -0.56909
   0.12669 -0.07463 -0.57280
   0.13904 -0.07683 -0.57349
   0.15197 -0.07886 -0.57158
   0.16547 -0.08070 -0.56715
   0.17955 -0.08236 -0.56047
   0.19420 -0.08382 -0.55180
   0.20942 -0.08508 -0.54124
   0.22522 -0.08614 -0.52900
   0.24160 -0.08698 -0.51519
   0.25855 -0.08761 -0.50001
   0.27607 -0.08802 -0.48354
   0.29417 -0.08820 -0.46596
   0.31284 -0.08816 -0.44745
   0.33209 -0.08788 -0.42817
   0.35191 -0.08738 -0.40841
   0.37231 -0.08663 -0.38837
   0.39328 -0.08565 -0.36839
   0.41482 -0.08443 -0.34880
   0.43694 -0.08298 -0.32995
   0.45964 -0.08128 -0.31216
   0.48291 -0.07935 -0.29566
   0.50675 -0.07718 -0.28056
   0.53117 -0.07477 -0.26678
   0.55616 -0.07212 -0.25429
   0.58173 -0.06924 -0.24323
   0.60787 -0.06611 -0.23355
   0.63459 -0.06275 -0.22513
   0.66188 -0.05915 -0.21783
   0.68974 -0.05531 -0.21151
   0.71818 -0.05122 -0.20601
   0.74720 -0.04688 -0.20122
   0.77679 -0.04228 -0.19702
   0.80695 -0.03742 -0.19331
   0.83769 -0.03228 -0.19002
   0.86900 -0.02685 -0.18707
   0.90089 -0.02112 -0.18439
   0.93335 -0.01505 -0.18191
   0.96639 -0.00864 -0.17957
   1.00000 -0.00185 -0.17706
