NACA48                                          
 Alfa =   0.00000 Re =    20000.000 Xflap,Yflap =     0.000000    0.000000
#    x        y        Cp  
   1.00000  0.00184 -0.17283
   0.96639  0.00857 -0.17540
   0.93335  0.01492 -0.17781
   0.90089  0.02093 -0.18037
   0.86900  0.02661 -0.18314
   0.83769  0.03200 -0.18620
   0.80695  0.03709 -0.18961
   0.77679  0.04191 -0.19345
   0.74720  0.04647 -0.19780
   0.71818  0.05077 -0.20277
   0.68974  0.05482 -0.20846
   0.66188  0.05863 -0.21500
   0.63459  0.06220 -0.22253
   0.60787  0.06553 -0.23120
   0.58173  0.06863 -0.24115
   0.55616  0.07149 -0.25245
   0.53117  0.07411 -0.26515
   0.50675  0.07650 -0.27908
   0.48291  0.07865 -0.29433
   0.45964  0.08057 -0.31093
   0.43694  0.08225 -0.32877
   0.41482  0.08369 -0.34758
   0.39328  0.08490 -0.36705
   0.37231  0.08587 -0.38684
   0.35191  0.08661 -0.40664
   0.33209  0.08711 -0.42616
   0.31284  0.08738 -0.44513
   0.29417  0.08743 -0.46337
   0.27607  0.08725 -0.48067
   0.25855  0.08684 -0.49690
   0.24160  0.08622 -0.51188
   0.22522  0.08538 -0.52548
   0.20942  0.08433 -0.53754
   0.19420  0.08308 -0.54797
   0.17955  0.08163 -0.55654
   0.16547  0.07999 -0.56310
   0.15197  0.07816 -0.56751
   0.13904  0.07615 -0.56948
   0.12669  0.07397 -0.56890
   0.11491  0.07162 -0.56522
   0.10371  0.06912 -0.55825
   0.09308  0.06646 -0.54741
   0.08302  0.06366 -0.53254
   0.07354  0.06072 -0.51228
   0.06464  0.05765 -0.48645
   0.05631  0.05445 -0.45381
   0.04855  0.05114 -0.41313
   0.04137  0.04772 -0.36283
   0.03476  0.04420 -0.30116
   0.02873  0.04058 -0.22621
   0.02327  0.03686 -0.13586
   0.01839  0.03306 -0.02788
   0.01408  0.02918  0.09881
   0.01034  0.02522  0.24445
   0.00718  0.02119  0.40543
   0.00460  0.01708  0.57355
   0.00258  0.01291  0.73616
   0.00115  0.00867  0.87397
   0.00029  0.00437  0.96708
   0.00000  0.00000  1.00003
   0.00029 -0.00437  0.96708
   0.00115 -0.00867  0.87400
   0.00258 -0.01291  0.73632
   0.00460 -0.01708  0.57350
   0.00718 -0.02119  0.40524
   0.01034 -0.02522  0.24454
   0.01408 -0.02918  0.09873
   0.01839 -0.03306 -0.02796
   0.02327 -0.03686 -0.13574
   0.02873 -0.04058 -0.22611
   0.03476 -0.04420 -0.30123
   0.04137 -0.04772 -0.36283
   0.04855 -0.05114 -0.41308
   0.05631 -0.05445 -0.45380
   0.06464 -0.05765 -0.48652
   0.07354 -0.06072 -0.51231
   0.08302 -0.06366 -0.53250
   0.09308 -0.06646 -0.54746
   0.10371 -0.06912 -0.55824
   0.11491 -0.07162 -0.56525
   0.12669 -0.07397 -0.56890
   0.13904 -0.07615 -0.56948
   0.15197 -0.07816 -0.56752
   0.16547 -0.07999 -0.56309
   0.17955 -0.08163 -0.55654
   0.19420 -0.08308 -0.54796
   0.20942 -0.08433 -0.53756
   0.22522 -0.08538 -0.52548
   0.24160 -0.08622 -0.51187
   0.25855 -0.08684 -0.49691
   0.27607 -0.08725 -0.48067
   0.29417 -0.08743 -0.46337
   0.31284 -0.08738 -0.44514
   0.33209 -0.08711 -0.42615
   0.35191 -0.08661 -0.40664
   0.37231 -0.08587 -0.38685
   0.39328 -0.08490 -0.36705
   0.41482 -0.08369 -0.34758
   0.43694 -0.08225 -0.32877
   0.45964 -0.08057 -0.31094
   0.48291 -0.07865 -0.29433
   0.50675 -0.07650 -0.27908
   0.53117 -0.07411 -0.26515
   0.55616 -0.07149 -0.25246
   0.58173 -0.06863 -0.24115
   0.60787 -0.06553 -0.23121
   0.63459 -0.06220 -0.22253
   0.66188 -0.05863 -0.21500
   0.68974 -0.05482 -0.20846
   0.71818 -0.05077 -0.20277
   0.74720 -0.04647 -0.19780
   0.77679 -0.04191 -0.19345
   0.80695 -0.03709 -0.18961
   0.83769 -0.03200 -0.18620
   0.86900 -0.02661 -0.18314
   0.90089 -0.02093 -0.18037
   0.93335 -0.01492 -0.17781
   0.96639 -0.00857 -0.17540
   1.00000 -0.00184 -0.17283
