NACA49                                          
 Alfa =   0.00000 Re =    20000.000 Xflap,Yflap =     0.000000    0.000000
#    x        y        Cp  
   1.00000  0.00182 -0.16868
   0.96639  0.00849 -0.17131
   0.93335  0.01479 -0.17379
   0.90089  0.02075 -0.17644
   0.86900  0.02638 -0.17930
   0.83769  0.03172 -0.18246
   0.80695  0.03677 -0.18599
   0.77679  0.04154 -0.18997
   0.74720  0.04606 -0.19448
   0.71818  0.05033 -0.19962
   0.68974  0.05435 -0.20550
   0.66188  0.05812 -0.21226
   0.63459  0.06166 -0.22003
   0.60787  0.06496 -0.22895
   0.58173  0.06803 -0.23915
   0.55616  0.07087 -0.25069
   0.53117  0.07347 -0.26357
   0.50675  0.07583 -0.27764
   0.48291  0.07797 -0.29303
   0.45964  0.07987 -0.30973
   0.43694  0.08153 -0.32759
   0.41482  0.08296 -0.34634
   0.39328  0.08416 -0.36568
   0.37231  0.08512 -0.38528
   0.35191  0.08585 -0.40485
   0.33209  0.08635 -0.42409
   0.31284  0.08662 -0.44280
   0.29417  0.08667 -0.46078
   0.27607  0.08649 -0.47779
   0.25855  0.08609 -0.49380
   0.24160  0.08547 -0.50853
   0.22522  0.08464 -0.52194
   0.20942  0.08360 -0.53383
   0.19420  0.08236 -0.54411
   0.17955  0.08092 -0.55259
   0.16547  0.07929 -0.55909
   0.15197  0.07748 -0.56348
   0.13904  0.07549 -0.56554
   0.12669  0.07333 -0.56493
   0.11491  0.07100 -0.56143
   0.10371  0.06852 -0.55468
   0.09308  0.06588 -0.54417
   0.08302  0.06310 -0.52942
   0.07354  0.06019 -0.50971
   0.06464  0.05714 -0.48437
   0.05631  0.05398 -0.45224
   0.04855  0.05070 -0.41227
   0.04137  0.04730 -0.36258
   0.03476  0.04381 -0.30199
   0.02873  0.04022 -0.22791
   0.02327  0.03654 -0.13827
   0.01839  0.03277 -0.03118
   0.01408  0.02893  0.09463
   0.01034  0.02500  0.23984
   0.00718  0.02100  0.40088
   0.00460  0.01693  0.56972
   0.00258  0.01280  0.73343
   0.00115  0.00860  0.87249
   0.00029  0.00433  0.96662
   0.00000  0.00000  1.00003
   0.00029 -0.00433  0.96672
   0.00115 -0.00860  0.87242
   0.00258 -0.01280  0.73343
   0.00460 -0.01693  0.56977
   0.00718 -0.02100  0.40066
   0.01034 -0.02500  0.23980
   0.01408 -0.02893  0.09481
   0.01839 -0.03277 -0.03127
   0.02327 -0.03654 -0.13829
   0.02873 -0.04022 -0.22779
   0.03476 -0.04381 -0.30203
   0.04137 -0.04730 -0.36254
   0.04855 -0.05070 -0.41218
   0.05631 -0.05398 -0.45225
   0.06464 -0.05714 -0.48444
   0.07354 -0.06019 -0.50972
   0.08302 -0.06310 -0.52938
   0.09308 -0.06588 -0.54425
   0.10371 -0.06852 -0.55467
   0.11491 -0.07100 -0.56148
   0.12669 -0.07333 -0.56494
   0.13904 -0.07549 -0.56554
   0.15197 -0.07748 -0.56348
   0.16547 -0.07929 -0.55908
   0.17955 -0.08092 -0.55261
   0.19420 -0.08236 -0.54411
   0.20942 -0.08360 -0.53383
   0.22522 -0.08464 -0.52193
   0.24160 -0.08547 -0.50853
   0.25855 -0.08609 -0.49381
   0.27607 -0.08649 -0.47780
   0.29417 -0.08667 -0.46078
   0.31284 -0.08662 -0.44281
   0.33209 -0.08635 -0.42408
   0.35191 -0.08585 -0.40485
   0.37231 -0.08512 -0.38529
   0.39328 -0.08416 -0.36569
   0.41482 -0.08296 -0.34634
   0.43694 -0.08153 -0.32759
   0.45964 -0.07987 -0.30973
   0.48291 -0.07797 -0.29303
   0.50675 -0.07583 -0.27764
   0.53117 -0.07347 -0.26357
   0.55616 -0.07087 -0.25070
   0.58173 -0.06803 -0.23915
   0.60787 -0.06496 -0.22896
   0.63459 -0.06166 -0.22003
   0.66188 -0.05812 -0.21226
   0.68974 -0.05435 -0.20550
   0.71818 -0.05033 -0.19962
   0.74720 -0.04606 -0.19448
   0.77679 -0.04154 -0.18997
   0.80695 -0.03677 -0.18600
   0.83769 -0.03172 -0.18247
   0.86900 -0.02638 -0.17930
   0.90089 -0.02075 -0.17644
   0.93335 -0.01479 -0.17379
   0.96639 -0.00849 -0.17131
   1.00000 -0.00182 -0.16868
