NACA5                                           
 Alfa =   0.00000 Re =    20000.000 Xflap,Yflap =     0.000000    0.000000
#    x        y        Cp  
   1.00000  0.00295 -0.41651
   0.96639  0.01377 -0.41745
   0.93335  0.02398 -0.41812
   0.90089  0.03364 -0.41874
   0.86900  0.04278 -0.41932
   0.83769  0.05142 -0.41987
   0.80695  0.05961 -0.42041
   0.77679  0.06736 -0.42095
   0.74720  0.07468 -0.42149
   0.71818  0.08160 -0.42205
   0.68974  0.08811 -0.42264
   0.66188  0.09424 -0.42328
   0.63459  0.09997 -0.42400
   0.60787  0.10533 -0.42484
   0.58173  0.11030 -0.42584
   0.55616  0.11490 -0.42707
   0.53117  0.11912 -0.42860
   0.50675  0.12295 -0.43056
   0.48291  0.12641 -0.43310
   0.45964  0.12949 -0.43642
   0.43694  0.13219 -0.44079
   0.41482  0.13451 -0.44654
   0.39328  0.13645 -0.45412
   0.37231  0.13801 -0.46411
   0.35191  0.13920 -0.47721
   0.33209  0.14001 -0.49415
   0.31284  0.14045 -0.51537
   0.29417  0.14052 -0.54050
   0.27607  0.14023 -0.56988
   0.25855  0.13958 -0.60266
   0.24160  0.13858 -0.63680
   0.22522  0.13723 -0.66999
   0.20942  0.13555 -0.70025
   0.19420  0.13353 -0.72616
   0.17955  0.13121 -0.74669
   0.16547  0.12856 -0.76113
   0.15197  0.12562 -0.76888
   0.13904  0.12240 -0.76963
   0.12669  0.11889 -0.76276
   0.11491  0.11512 -0.74796
   0.10371  0.11109 -0.72488
   0.09308  0.10682 -0.69256
   0.08302  0.10231 -0.65090
   0.07354  0.09758 -0.59896
   0.06464  0.09265 -0.53644
   0.05631  0.08752 -0.46269
   0.04855  0.08220 -0.37754
   0.04137  0.07670 -0.28032
   0.03476  0.07104 -0.17157
   0.02873  0.06522 -0.05188
   0.02327  0.05925  0.07758
   0.01839  0.05314  0.21428
   0.01408  0.04690  0.35502
   0.01034  0.04054  0.49559
   0.00718  0.03405  0.62987
   0.00460  0.02746  0.75193
   0.00258  0.02075  0.85535
   0.00115  0.01394  0.93403
   0.00029  0.00702  0.98320
   0.00000  0.00000  1.00003
   0.00029 -0.00702  0.98320
   0.00115 -0.01394  0.93404
   0.00258 -0.02075  0.85538
   0.00460 -0.02746  0.75201
   0.00718 -0.03405  0.62991
   0.01034 -0.04054  0.49546
   0.01408 -0.04690  0.35506
   0.01839 -0.05314  0.21421
   0.02327 -0.05925  0.07764
   0.02873 -0.06522 -0.05188
   0.03476 -0.07104 -0.17164
   0.04137 -0.07670 -0.28028
   0.04855 -0.08220 -0.37743
   0.05631 -0.08752 -0.46270
   0.06464 -0.09265 -0.53646
   0.07354 -0.09758 -0.59898
   0.08302 -0.10231 -0.65085
   0.09308 -0.10682 -0.69264
   0.10371 -0.11109 -0.72488
   0.11491 -0.11512 -0.74803
   0.12669 -0.11889 -0.76278
   0.13904 -0.12240 -0.76963
   0.15197 -0.12562 -0.76893
   0.16547 -0.12856 -0.76112
   0.17955 -0.13121 -0.74671
   0.19420 -0.13353 -0.72614
   0.20942 -0.13555 -0.70025
   0.22522 -0.13723 -0.66999
   0.24160 -0.13858 -0.63679
   0.25855 -0.13958 -0.60266
   0.27607 -0.14023 -0.56988
   0.29417 -0.14052 -0.54050
   0.31284 -0.14045 -0.51537
   0.33209 -0.14001 -0.49415
   0.35191 -0.13920 -0.47721
   0.37231 -0.13801 -0.46411
   0.39328 -0.13645 -0.45412
   0.41482 -0.13451 -0.44654
   0.43694 -0.13219 -0.44079
   0.45964 -0.12949 -0.43642
   0.48291 -0.12641 -0.43310
   0.50675 -0.12295 -0.43056
   0.53117 -0.11912 -0.42860
   0.55616 -0.11490 -0.42706
   0.58173 -0.11030 -0.42584
   0.60787 -0.10533 -0.42484
   0.63459 -0.09997 -0.42400
   0.66188 -0.09424 -0.42328
   0.68974 -0.08811 -0.42264
   0.71818 -0.08160 -0.42205
   0.74720 -0.07468 -0.42149
   0.77679 -0.06736 -0.42095
   0.80695 -0.05961 -0.42041
   0.83769 -0.05142 -0.41987
   0.86900 -0.04278 -0.41932
   0.90089 -0.03364 -0.41874
   0.93335 -0.02398 -0.41812
   0.96639 -0.01377 -0.41745
   1.00000 -0.00295 -0.41651
