NACA50                                          
 Alfa =   0.00000 Re =    20000.000 Xflap,Yflap =     0.000000    0.000000
#    x        y        Cp  
   1.00000  0.00180 -0.16460
   0.96639  0.00842 -0.16730
   0.93335  0.01466 -0.16986
   0.90089  0.02057 -0.17258
   0.86900  0.02616 -0.17554
   0.83769  0.03144 -0.17881
   0.80695  0.03645 -0.18247
   0.77679  0.04119 -0.18658
   0.74720  0.04566 -0.19124
   0.71818  0.04989 -0.19656
   0.68974  0.05387 -0.20264
   0.66188  0.05762 -0.20962
   0.63459  0.06113 -0.21763
   0.60787  0.06440 -0.22680
   0.58173  0.06744 -0.23724
   0.55616  0.07025 -0.24901
   0.53117  0.07283 -0.26203
   0.50675  0.07518 -0.27625
   0.48291  0.07729 -0.29177
   0.45964  0.07918 -0.30855
   0.43694  0.08083 -0.32641
   0.41482  0.08225 -0.34510
   0.39328  0.08343 -0.36430
   0.37231  0.08439 -0.38371
   0.35191  0.08511 -0.40302
   0.33209  0.08561 -0.42204
   0.31284  0.08587 -0.44046
   0.29417  0.08592 -0.45815
   0.27607  0.08574 -0.47496
   0.25855  0.08534 -0.49067
   0.24160  0.08473 -0.50523
   0.22522  0.08391 -0.51844
   0.20942  0.08288 -0.53016
   0.19420  0.08165 -0.54035
   0.17955  0.08022 -0.54870
   0.16547  0.07861 -0.55519
   0.15197  0.07681 -0.55951
   0.13904  0.07484 -0.56156
   0.12669  0.07269 -0.56108
   0.11491  0.07039 -0.55770
   0.10371  0.06792 -0.55108
   0.09308  0.06531 -0.54082
   0.08302  0.06256 -0.52641
   0.07354  0.05967 -0.50716
   0.06464  0.05665 -0.48213
   0.05631  0.05351 -0.45071
   0.04855  0.05026 -0.41134
   0.04137  0.04690 -0.36253
   0.03476  0.04343 -0.30243
   0.02873  0.03988 -0.22948
   0.02327  0.03623 -0.14079
   0.01839  0.03249 -0.03453
   0.01408  0.02868  0.09057
   0.01034  0.02479  0.23554
   0.00718  0.02082  0.39651
   0.00460  0.01679  0.56573
   0.00258  0.01269  0.73062
   0.00115  0.00852  0.87087
   0.00029  0.00429  0.96626
   0.00000  0.00000  1.00003
   0.00029 -0.00429  0.96623
   0.00115 -0.00852  0.87098
   0.00258 -0.01269  0.73067
   0.00460 -0.01679  0.56569
   0.00718 -0.02082  0.39636
   0.01034 -0.02479  0.23553
   0.01408 -0.02868  0.09067
   0.01839 -0.03249 -0.03451
   0.02327 -0.03623 -0.14075
   0.02873 -0.03988 -0.22944
   0.03476 -0.04343 -0.30250
   0.04137 -0.04690 -0.36251
   0.04855 -0.05026 -0.41126
   0.05631 -0.05351 -0.45066
   0.06464 -0.05665 -0.48221
   0.07354 -0.05967 -0.50717
   0.08302 -0.06256 -0.52638
   0.09308 -0.06531 -0.54091
   0.10371 -0.06792 -0.55108
   0.11491 -0.07039 -0.55775
   0.12669 -0.07269 -0.56110
   0.13904 -0.07484 -0.56156
   0.15197 -0.07681 -0.55951
   0.16547 -0.07861 -0.55518
   0.17955 -0.08022 -0.54871
   0.19420 -0.08165 -0.54031
   0.20942 -0.08288 -0.53017
   0.22522 -0.08391 -0.51842
   0.24160 -0.08473 -0.50522
   0.25855 -0.08534 -0.49067
   0.27607 -0.08574 -0.47497
   0.29417 -0.08592 -0.45815
   0.31284 -0.08587 -0.44047
   0.33209 -0.08561 -0.42202
   0.35191 -0.08511 -0.40303
   0.37231 -0.08439 -0.38371
   0.39328 -0.08343 -0.36430
   0.41482 -0.08225 -0.34510
   0.43694 -0.08083 -0.32641
   0.45964 -0.07918 -0.30855
   0.48291 -0.07729 -0.29177
   0.50675 -0.07518 -0.27625
   0.53117 -0.07283 -0.26203
   0.55616 -0.07025 -0.24901
   0.58173 -0.06744 -0.23724
   0.60787 -0.06440 -0.22680
   0.63459 -0.06113 -0.21763
   0.66188 -0.05762 -0.20962
   0.68974 -0.05387 -0.20264
   0.71818 -0.04989 -0.19656
   0.74720 -0.04566 -0.19124
   0.77679 -0.04119 -0.18658
   0.80695 -0.03645 -0.18247
   0.83769 -0.03144 -0.17881
   0.86900 -0.02616 -0.17554
   0.90089 -0.02057 -0.17258
   0.93335 -0.01466 -0.16986
   0.96639 -0.00842 -0.16730
   1.00000 -0.00180 -0.16460
