NACA51                                          
 Alfa =   0.00000 Re =    20000.000 Xflap,Yflap =     0.000000    0.000000
#    x        y        Cp  
   1.00000  0.00179 -0.16061
   0.96639  0.00835 -0.16337
   0.93335  0.01454 -0.16600
   0.90089  0.02039 -0.16882
   0.86900  0.02593 -0.17187
   0.83769  0.03117 -0.17525
   0.80695  0.03614 -0.17903
   0.77679  0.04083 -0.18328
   0.74720  0.04527 -0.18810
   0.71818  0.04947 -0.19360
   0.68974  0.05341 -0.19988
   0.66188  0.05713 -0.20707
   0.63459  0.06060 -0.21531
   0.60787  0.06385 -0.22472
   0.58173  0.06687 -0.23540
   0.55616  0.06965 -0.24738
   0.53117  0.07221 -0.26054
   0.50675  0.07454 -0.27489
   0.48291  0.07663 -0.29053
   0.45964  0.07850 -0.30737
   0.43694  0.08014 -0.32523
   0.41482  0.08154 -0.34383
   0.39328  0.08272 -0.36288
   0.37231  0.08366 -0.38209
   0.35191  0.08438 -0.40118
   0.33209  0.08487 -0.41992
   0.31284  0.08514 -0.43810
   0.29417  0.08518 -0.45555
   0.27607  0.08501 -0.47208
   0.25855  0.08461 -0.48759
   0.24160  0.08400 -0.50191
   0.22522  0.08319 -0.51493
   0.20942  0.08217 -0.52650
   0.19420  0.08095 -0.53655
   0.17955  0.07954 -0.54480
   0.16547  0.07794 -0.55125
   0.15197  0.07615 -0.55560
   0.13904  0.07420 -0.55768
   0.12669  0.07207 -0.55725
   0.11491  0.06978 -0.55392
   0.10371  0.06734 -0.54762
   0.09308  0.06475 -0.53757
   0.08302  0.06202 -0.52348
   0.07354  0.05916 -0.50448
   0.06464  0.05616 -0.47999
   0.05631  0.05305 -0.44912
   0.04855  0.04983 -0.41039
   0.04137  0.04650 -0.36216
   0.03476  0.04306 -0.30304
   0.02873  0.03953 -0.23089
   0.02327  0.03592 -0.14315
   0.01839  0.03221 -0.03777
   0.01408  0.02843  0.08651
   0.01034  0.02457  0.23114
   0.00718  0.02064  0.39223
   0.00460  0.01664  0.56193
   0.00258  0.01258  0.72780
   0.00115  0.00845  0.86939
   0.00029  0.00426  0.96576
   0.00000  0.00000  1.00003
   0.00029 -0.00426  0.96585
   0.00115 -0.00845  0.86932
   0.00258 -0.01258  0.72786
   0.00460 -0.01664  0.56204
   0.00718 -0.02064  0.39199
   0.01034 -0.02457  0.23077
   0.01408 -0.02843  0.08676
   0.01839 -0.03221 -0.03771
   0.02327 -0.03592 -0.14325
   0.02873 -0.03953 -0.23083
   0.03476 -0.04306 -0.30306
   0.04137 -0.04650 -0.36205
   0.04855 -0.04983 -0.41027
   0.05631 -0.05305 -0.44918
   0.06464 -0.05616 -0.48011
   0.07354 -0.05916 -0.50453
   0.08302 -0.06202 -0.52346
   0.09308 -0.06475 -0.53761
   0.10371 -0.06734 -0.54760
   0.11491 -0.06978 -0.55397
   0.12669 -0.07207 -0.55724
   0.13904 -0.07420 -0.55768
   0.15197 -0.07615 -0.55561
   0.16547 -0.07794 -0.55127
   0.17955 -0.07954 -0.54481
   0.19420 -0.08095 -0.53653
   0.20942 -0.08217 -0.52651
   0.22522 -0.08319 -0.51493
   0.24160 -0.08400 -0.50191
   0.25855 -0.08461 -0.48759
   0.27607 -0.08501 -0.47210
   0.29417 -0.08518 -0.45555
   0.31284 -0.08514 -0.43811
   0.33209 -0.08487 -0.41992
   0.35191 -0.08438 -0.40119
   0.37231 -0.08366 -0.38209
   0.39328 -0.08272 -0.36288
   0.41482 -0.08154 -0.34383
   0.43694 -0.08014 -0.32523
   0.45964 -0.07850 -0.30737
   0.48291 -0.07663 -0.29053
   0.50675 -0.07454 -0.27490
   0.53117 -0.07221 -0.26054
   0.55616 -0.06965 -0.24738
   0.58173 -0.06687 -0.23540
   0.60787 -0.06385 -0.22473
   0.63459 -0.06060 -0.21532
   0.66188 -0.05713 -0.20708
   0.68974 -0.05341 -0.19988
   0.71818 -0.04947 -0.19360
   0.74720 -0.04527 -0.18810
   0.77679 -0.04083 -0.18328
   0.80695 -0.03614 -0.17903
   0.83769 -0.03117 -0.17525
   0.86900 -0.02593 -0.17187
   0.90089 -0.02039 -0.16882
   0.93335 -0.01454 -0.16601
   0.96639 -0.00835 -0.16337
   1.00000 -0.00179 -0.16061
