NACA52                                          
 Alfa =   0.00000 Re =    20000.000 Xflap,Yflap =     0.000000    0.000000
#    x        y        Cp  
   1.00000  0.00177 -0.15671
   0.96639  0.00828 -0.15953
   0.93335  0.01441 -0.16223
   0.90089  0.02022 -0.16513
   0.86900  0.02571 -0.16828
   0.83769  0.03091 -0.17177
   0.80695  0.03583 -0.17567
   0.77679  0.04049 -0.18007
   0.74720  0.04489 -0.18505
   0.71818  0.04905 -0.19072
   0.68974  0.05296 -0.19720
   0.66188  0.05664 -0.20462
   0.63459  0.06009 -0.21309
   0.60787  0.06331 -0.22273
   0.58173  0.06630 -0.23363
   0.55616  0.06906 -0.24579
   0.53117  0.07160 -0.25908
   0.50675  0.07390 -0.27357
   0.48291  0.07598 -0.28931
   0.45964  0.07783 -0.30620
   0.43694  0.07946 -0.32402
   0.41482  0.08085 -0.34254
   0.39328  0.08202 -0.36143
   0.37231  0.08295 -0.38043
   0.35191  0.08367 -0.39931
   0.33209  0.08415 -0.41779
   0.31284  0.08442 -0.43571
   0.29417  0.08446 -0.45293
   0.27607  0.08428 -0.46921
   0.25855  0.08389 -0.48447
   0.24160  0.08329 -0.49863
   0.22522  0.08248 -0.51146
   0.20942  0.08147 -0.52288
   0.19420  0.08026 -0.53281
   0.17955  0.07886 -0.54099
   0.16547  0.07728 -0.54735
   0.15197  0.07551 -0.55168
   0.13904  0.07357 -0.55384
   0.12669  0.07146 -0.55343
   0.11491  0.06919 -0.55029
   0.10371  0.06677 -0.54406
   0.09308  0.06420 -0.53428
   0.08302  0.06149 -0.52047
   0.07354  0.05865 -0.50199
   0.06464  0.05569 -0.47793
   0.05631  0.05260 -0.44736
   0.04855  0.04941 -0.40938
   0.04137  0.04610 -0.36201
   0.03476  0.04270 -0.30356
   0.02873  0.03920 -0.23236
   0.02327  0.03561 -0.14545
   0.01839  0.03194 -0.04093
   0.01408  0.02819  0.08303
   0.01034  0.02437  0.22668
   0.00718  0.02047  0.38762
   0.00460  0.01650  0.55798
   0.00258  0.01247  0.72492
   0.00115  0.00838  0.86795
   0.00029  0.00422  0.96538
   0.00000  0.00000  1.00003
   0.00029 -0.00422  0.96539
   0.00115 -0.00838  0.86787
   0.00258 -0.01247  0.72496
   0.00460 -0.01650  0.55820
   0.00718 -0.02047  0.38757
   0.01034 -0.02437  0.22662
   0.01408 -0.02819  0.08299
   0.01839 -0.03194 -0.04098
   0.02327 -0.03561 -0.14554
   0.02873 -0.03920 -0.23230
   0.03476 -0.04270 -0.30354
   0.04137 -0.04610 -0.36195
   0.04855 -0.04941 -0.40931
   0.05631 -0.05260 -0.44735
   0.06464 -0.05569 -0.47805
   0.07354 -0.05865 -0.50201
   0.08302 -0.06149 -0.52044
   0.09308 -0.06420 -0.53433
   0.10371 -0.06677 -0.54406
   0.11491 -0.06919 -0.55032
   0.12669 -0.07146 -0.55342
   0.13904 -0.07357 -0.55384
   0.15197 -0.07551 -0.55170
   0.16547 -0.07728 -0.54734
   0.17955 -0.07886 -0.54098
   0.19420 -0.08026 -0.53278
   0.20942 -0.08147 -0.52288
   0.22522 -0.08248 -0.51146
   0.24160 -0.08329 -0.49864
   0.25855 -0.08389 -0.48448
   0.27607 -0.08428 -0.46921
   0.29417 -0.08446 -0.45293
   0.31284 -0.08442 -0.43573
   0.33209 -0.08415 -0.41779
   0.35191 -0.08367 -0.39931
   0.37231 -0.08295 -0.38043
   0.39328 -0.08202 -0.36143
   0.41482 -0.08085 -0.34254
   0.43694 -0.07946 -0.32403
   0.45964 -0.07783 -0.30620
   0.48291 -0.07598 -0.28931
   0.50675 -0.07390 -0.27357
   0.53117 -0.07160 -0.25908
   0.55616 -0.06906 -0.24579
   0.58173 -0.06630 -0.23363
   0.60787 -0.06331 -0.22273
   0.63459 -0.06009 -0.21309
   0.66188 -0.05664 -0.20462
   0.68974 -0.05296 -0.19720
   0.71818 -0.04905 -0.19072
   0.74720 -0.04489 -0.18505
   0.77679 -0.04049 -0.18007
   0.80695 -0.03583 -0.17567
   0.83769 -0.03091 -0.17177
   0.86900 -0.02571 -0.16828
   0.90089 -0.02022 -0.16513
   0.93335 -0.01441 -0.16223
   0.96639 -0.00828 -0.15953
   1.00000 -0.00177 -0.15671
