NACA53                                          
 Alfa =   0.00000 Re =    20000.000 Xflap,Yflap =     0.000000    0.000000
#    x        y        Cp  
   1.00000  0.00176 -0.15287
   0.96639  0.00821 -0.15576
   0.93335  0.01429 -0.15854
   0.90089  0.02005 -0.16153
   0.86900  0.02550 -0.16478
   0.83769  0.03065 -0.16838
   0.80695  0.03553 -0.17241
   0.77679  0.04015 -0.17695
   0.74720  0.04451 -0.18209
   0.71818  0.04863 -0.18794
   0.68974  0.05252 -0.19462
   0.66188  0.05616 -0.20225
   0.63459  0.05958 -0.21095
   0.60787  0.06278 -0.22082
   0.58173  0.06574 -0.23193
   0.55616  0.06848 -0.24425
   0.53117  0.07099 -0.25767
   0.50675  0.07328 -0.27229
   0.48291  0.07534 -0.28812
   0.45964  0.07718 -0.30503
   0.43694  0.07879 -0.32282
   0.41482  0.08017 -0.34122
   0.39328  0.08133 -0.35997
   0.37231  0.08226 -0.37876
   0.35191  0.08296 -0.39740
   0.33209  0.08344 -0.41566
   0.31284  0.08371 -0.43335
   0.29417  0.08375 -0.45028
   0.27607  0.08358 -0.46636
   0.25855  0.08319 -0.48139
   0.24160  0.08259 -0.49536
   0.22522  0.08179 -0.50798
   0.20942  0.08079 -0.51931
   0.19420  0.07959 -0.52907
   0.17955  0.07820 -0.53718
   0.16547  0.07662 -0.54352
   0.15197  0.07487 -0.54784
   0.13904  0.07295 -0.54998
   0.12669  0.07086 -0.54966
   0.11491  0.06861 -0.54664
   0.10371  0.06621 -0.54053
   0.09308  0.06366 -0.53103
   0.08302  0.06098 -0.51755
   0.07354  0.05816 -0.49930
   0.06464  0.05522 -0.47575
   0.05631  0.05216 -0.44587
   0.04855  0.04899 -0.40835
   0.04137  0.04571 -0.36165
   0.03476  0.04234 -0.30417
   0.02873  0.03887 -0.23359
   0.02327  0.03531 -0.14763
   0.01839  0.03167 -0.04401
   0.01408  0.02795  0.07904
   0.01034  0.02416  0.22247
   0.00718  0.02030  0.38330
   0.00460  0.01636  0.55433
   0.00258  0.01237  0.72218
   0.00115  0.00831  0.86629
   0.00029  0.00418  0.96499
   0.00000  0.00000  1.00003
   0.00029 -0.00418  0.96498
   0.00115 -0.00831  0.86626
   0.00258 -0.01237  0.72213
   0.00460 -0.01636  0.55446
   0.00718 -0.02030  0.38313
   0.01034 -0.02416  0.22229
   0.01408 -0.02795  0.07917
   0.01839 -0.03167 -0.04401
   0.02327 -0.03531 -0.14759
   0.02873 -0.03887 -0.23355
   0.03476 -0.04234 -0.30419
   0.04137 -0.04571 -0.36165
   0.04855 -0.04899 -0.40829
   0.05631 -0.05216 -0.44587
   0.06464 -0.05522 -0.47584
   0.07354 -0.05816 -0.49931
   0.08302 -0.06098 -0.51750
   0.09308 -0.06366 -0.53110
   0.10371 -0.06621 -0.54053
   0.11491 -0.06861 -0.54669
   0.12669 -0.07086 -0.54969
   0.13904 -0.07295 -0.54998
   0.15197 -0.07487 -0.54785
   0.16547 -0.07662 -0.54351
   0.17955 -0.07820 -0.53719
   0.19420 -0.07959 -0.52906
   0.20942 -0.08079 -0.51931
   0.22522 -0.08179 -0.50799
   0.24160 -0.08259 -0.49535
   0.25855 -0.08319 -0.48139
   0.27607 -0.08358 -0.46637
   0.29417 -0.08375 -0.45028
   0.31284 -0.08371 -0.43335
   0.33209 -0.08344 -0.41565
   0.35191 -0.08296 -0.39741
   0.37231 -0.08226 -0.37877
   0.39328 -0.08133 -0.35997
   0.41482 -0.08017 -0.34122
   0.43694 -0.07879 -0.32283
   0.45964 -0.07718 -0.30503
   0.48291 -0.07534 -0.28812
   0.50675 -0.07328 -0.27229
   0.53117 -0.07099 -0.25767
   0.55616 -0.06848 -0.24425
   0.58173 -0.06574 -0.23193
   0.60787 -0.06278 -0.22082
   0.63459 -0.05958 -0.21095
   0.66188 -0.05616 -0.20225
   0.68974 -0.05252 -0.19462
   0.71818 -0.04863 -0.18794
   0.74720 -0.04451 -0.18209
   0.77679 -0.04015 -0.17695
   0.80695 -0.03553 -0.17241
   0.83769 -0.03065 -0.16838
   0.86900 -0.02550 -0.16478
   0.90089 -0.02005 -0.16153
   0.93335 -0.01429 -0.15854
   0.96639 -0.00821 -0.15576
   1.00000 -0.00176 -0.15287
