NACA54                                          
 Alfa =   0.00000 Re =    20000.000 Xflap,Yflap =     0.000000    0.000000
#    x        y        Cp  
   1.00000  0.00174 -0.14912
   0.96639  0.00814 -0.15208
   0.93335  0.01417 -0.15494
   0.90089  0.01988 -0.15801
   0.86900  0.02528 -0.16136
   0.83769  0.03039 -0.16507
   0.80695  0.03523 -0.16923
   0.77679  0.03981 -0.17391
   0.74720  0.04414 -0.17922
   0.71818  0.04823 -0.18525
   0.68974  0.05208 -0.19213
   0.66188  0.05570 -0.19997
   0.63459  0.05909 -0.20889
   0.60787  0.06225 -0.21898
   0.58173  0.06519 -0.23029
   0.55616  0.06791 -0.24274
   0.53117  0.07040 -0.25629
   0.50675  0.07267 -0.27103
   0.48291  0.07471 -0.28694
   0.45964  0.07653 -0.30387
   0.43694  0.07813 -0.32160
   0.41482  0.07950 -0.33989
   0.39328  0.08065 -0.35848
   0.37231  0.08157 -0.37708
   0.35191  0.08227 -0.39549
   0.33209  0.08275 -0.41350
   0.31284  0.08301 -0.43093
   0.29417  0.08305 -0.44765
   0.27607  0.08288 -0.46348
   0.25855  0.08249 -0.47833
   0.24160  0.08190 -0.49206
   0.22522  0.08111 -0.50458
   0.20942  0.08011 -0.51570
   0.19420  0.07892 -0.52540
   0.17955  0.07755 -0.53346
   0.16547  0.07598 -0.53966
   0.15197  0.07425 -0.54401
   0.13904  0.07234 -0.54616
   0.12669  0.07027 -0.54590
   0.11491  0.06804 -0.54302
   0.10371  0.06566 -0.53716
   0.09308  0.06313 -0.52774
   0.08302  0.06047 -0.51464
   0.07354  0.05768 -0.49678
   0.06464  0.05476 -0.47353
   0.05631  0.05172 -0.44415
   0.04855  0.04858 -0.40729
   0.04137  0.04533 -0.36128
   0.03476  0.04198 -0.30442
   0.02873  0.03854 -0.23481
   0.02327  0.03502 -0.14984
   0.01839  0.03141 -0.04708
   0.01408  0.02772  0.07531
   0.01034  0.02396  0.21826
   0.00718  0.02013  0.37898
   0.00460  0.01623  0.55052
   0.00258  0.01226  0.71928
   0.00115  0.00824  0.86482
   0.00029  0.00415  0.96451
   0.00000  0.00000  1.00002
   0.00029 -0.00415  0.96459
   0.00115 -0.00824  0.86478
   0.00258 -0.01226  0.71944
   0.00460 -0.01623  0.55036
   0.00718 -0.02013  0.37887
   0.01034 -0.02396  0.21831
   0.01408 -0.02772  0.07530
   0.01839 -0.03141 -0.04714
   0.02327 -0.03502 -0.14982
   0.02873 -0.03854 -0.23467
   0.03476 -0.04198 -0.30454
   0.04137 -0.04533 -0.36121
   0.04855 -0.04858 -0.40724
   0.05631 -0.05172 -0.44416
   0.06464 -0.05476 -0.47361
   0.07354 -0.05768 -0.49679
   0.08302 -0.06047 -0.51462
   0.09308 -0.06313 -0.52779
   0.10371 -0.06566 -0.53716
   0.11491 -0.06804 -0.54305
   0.12669 -0.07027 -0.54593
   0.13904 -0.07234 -0.54617
   0.15197 -0.07425 -0.54403
   0.16547 -0.07598 -0.53964
   0.17955 -0.07755 -0.53346
   0.19420 -0.07892 -0.52539
   0.20942 -0.08011 -0.51570
   0.22522 -0.08111 -0.50459
   0.24160 -0.08190 -0.49205
   0.25855 -0.08249 -0.47834
   0.27607 -0.08288 -0.46348
   0.29417 -0.08305 -0.44765
   0.31284 -0.08301 -0.43094
   0.33209 -0.08275 -0.41350
   0.35191 -0.08227 -0.39549
   0.37231 -0.08157 -0.37708
   0.39328 -0.08065 -0.35848
   0.41482 -0.07950 -0.33990
   0.43694 -0.07813 -0.32161
   0.45964 -0.07653 -0.30387
   0.48291 -0.07471 -0.28694
   0.50675 -0.07267 -0.27103
   0.53117 -0.07040 -0.25630
   0.55616 -0.06791 -0.24275
   0.58173 -0.06519 -0.23029
   0.60787 -0.06225 -0.21898
   0.63459 -0.05909 -0.20889
   0.66188 -0.05570 -0.19997
   0.68974 -0.05208 -0.19213
   0.71818 -0.04823 -0.18525
   0.74720 -0.04414 -0.17922
   0.77679 -0.03981 -0.17391
   0.80695 -0.03523 -0.16923
   0.83769 -0.03039 -0.16507
   0.86900 -0.02528 -0.16136
   0.90089 -0.01988 -0.15801
   0.93335 -0.01417 -0.15494
   0.96639 -0.00814 -0.15208
   1.00000 -0.00174 -0.14912
