NACA55                                          
 Alfa =   0.00000 Re =    20000.000 Xflap,Yflap =     0.000000    0.000000
#    x        y        Cp  
   1.00000  0.00173 -0.14546
   0.96639  0.00807 -0.14848
   0.93335  0.01406 -0.15141
   0.90089  0.01972 -0.15457
   0.86900  0.02507 -0.15802
   0.83769  0.03014 -0.16185
   0.80695  0.03494 -0.16613
   0.77679  0.03948 -0.17096
   0.74720  0.04377 -0.17643
   0.71818  0.04783 -0.18264
   0.68974  0.05165 -0.18972
   0.66188  0.05523 -0.19777
   0.63459  0.05860 -0.20690
   0.60787  0.06174 -0.21720
   0.58173  0.06465 -0.22870
   0.55616  0.06735 -0.24127
   0.53117  0.06982 -0.25495
   0.50675  0.07207 -0.26979
   0.48291  0.07410 -0.28575
   0.45964  0.07590 -0.30269
   0.43694  0.07748 -0.32036
   0.41482  0.07884 -0.33854
   0.39328  0.07998 -0.35694
   0.37231  0.08089 -0.37536
   0.35191  0.08159 -0.39354
   0.33209  0.08206 -0.41132
   0.31284  0.08232 -0.42851
   0.29417  0.08236 -0.44498
   0.27607  0.08219 -0.46061
   0.25855  0.08181 -0.47526
   0.24160  0.08122 -0.48881
   0.22522  0.08044 -0.50120
   0.20942  0.07945 -0.51215
   0.19420  0.07827 -0.52176
   0.17955  0.07690 -0.52968
   0.16547  0.07536 -0.53588
   0.15197  0.07363 -0.54018
   0.13904  0.07174 -0.54239
   0.12669  0.06969 -0.54226
   0.11491  0.06747 -0.53942
   0.10371  0.06511 -0.53368
   0.09308  0.06261 -0.52457
   0.08302  0.05997 -0.51159
   0.07354  0.05720 -0.49415
   0.06464  0.05430 -0.47148
   0.05631  0.05130 -0.44249
   0.04855  0.04818 -0.40625
   0.04137  0.04496 -0.36088
   0.03476  0.04164 -0.30488
   0.02873  0.03822 -0.23597
   0.02327  0.03473 -0.15189
   0.01839  0.03115 -0.05000
   0.01408  0.02749  0.07172
   0.01034  0.02376  0.21387
   0.00718  0.01996  0.37475
   0.00460  0.01609  0.54669
   0.00258  0.01216  0.71641
   0.00115  0.00817  0.86324
   0.00029  0.00411  0.96410
   0.00000  0.00000  1.00003
   0.00029 -0.00411  0.96403
   0.00115 -0.00817  0.86333
   0.00258 -0.01216  0.71664
   0.00460 -0.01609  0.54649
   0.00718 -0.01996  0.37465
   0.01034 -0.02376  0.21407
   0.01408 -0.02749  0.07166
   0.01839 -0.03115 -0.05013
   0.02327 -0.03473 -0.15171
   0.02873 -0.03822 -0.23591
   0.03476 -0.04164 -0.30494
   0.04137 -0.04496 -0.36091
   0.04855 -0.04818 -0.40614
   0.05631 -0.05130 -0.44252
   0.06464 -0.05430 -0.47152
   0.07354 -0.05720 -0.49416
   0.08302 -0.05997 -0.51162
   0.09308 -0.06261 -0.52465
   0.10371 -0.06511 -0.53369
   0.11491 -0.06747 -0.53945
   0.12669 -0.06969 -0.54227
   0.13904 -0.07174 -0.54239
   0.15197 -0.07363 -0.54018
   0.16547 -0.07536 -0.53587
   0.17955 -0.07690 -0.52969
   0.19420 -0.07827 -0.52174
   0.20942 -0.07945 -0.51215
   0.22522 -0.08044 -0.50120
   0.24160 -0.08122 -0.48881
   0.25855 -0.08181 -0.47527
   0.27607 -0.08219 -0.46062
   0.29417 -0.08236 -0.44498
   0.31284 -0.08232 -0.42853
   0.33209 -0.08206 -0.41131
   0.35191 -0.08159 -0.39354
   0.37231 -0.08089 -0.37537
   0.39328 -0.07998 -0.35694
   0.41482 -0.07884 -0.33854
   0.43694 -0.07748 -0.32037
   0.45964 -0.07590 -0.30269
   0.48291 -0.07410 -0.28576
   0.50675 -0.07207 -0.26979
   0.53117 -0.06982 -0.25495
   0.55616 -0.06735 -0.24127
   0.58173 -0.06465 -0.22870
   0.60787 -0.06174 -0.21720
   0.63459 -0.05860 -0.20690
   0.66188 -0.05523 -0.19777
   0.68974 -0.05165 -0.18972
   0.71818 -0.04783 -0.18264
   0.74720 -0.04377 -0.17643
   0.77679 -0.03948 -0.17096
   0.80695 -0.03494 -0.16613
   0.83769 -0.03014 -0.16185
   0.86900 -0.02507 -0.15802
   0.90089 -0.01972 -0.15457
   0.93335 -0.01406 -0.15141
   0.96639 -0.00807 -0.14848
   1.00000 -0.00173 -0.14546
