NACA56                                          
 Alfa =   0.00000 Re =    20000.000 Xflap,Yflap =     0.000000    0.000000
#    x        y        Cp  
   1.00000  0.00172 -0.14186
   0.96639  0.00800 -0.14495
   0.93335  0.01394 -0.14797
   0.90089  0.01956 -0.15121
   0.86900  0.02487 -0.15476
   0.83769  0.02989 -0.15871
   0.80695  0.03465 -0.16312
   0.77679  0.03916 -0.16809
   0.74720  0.04341 -0.17373
   0.71818  0.04743 -0.18012
   0.68974  0.05122 -0.18739
   0.66188  0.05478 -0.19565
   0.63459  0.05812 -0.20500
   0.60787  0.06123 -0.21549
   0.58173  0.06412 -0.22715
   0.55616  0.06679 -0.23985
   0.53117  0.06925 -0.25364
   0.50675  0.07148 -0.26858
   0.48291  0.07349 -0.28459
   0.45964  0.07528 -0.30151
   0.43694  0.07685 -0.31912
   0.41482  0.07819 -0.33717
   0.39328  0.07932 -0.35541
   0.37231  0.08023 -0.37360
   0.35191  0.08092 -0.39157
   0.33209  0.08139 -0.40913
   0.31284  0.08164 -0.42609
   0.29417  0.08169 -0.44235
   0.27607  0.08152 -0.45776
   0.25855  0.08114 -0.47224
   0.24160  0.08056 -0.48562
   0.22522  0.07977 -0.49776
   0.20942  0.07880 -0.50864
   0.19420  0.07763 -0.51812
   0.17955  0.07627 -0.52594
   0.16547  0.07474 -0.53218
   0.15197  0.07303 -0.53643
   0.13904  0.07115 -0.53865
   0.12669  0.06911 -0.53852
   0.11491  0.06692 -0.53591
   0.10371  0.06458 -0.53033
   0.09308  0.06209 -0.52140
   0.08302  0.05948 -0.50873
   0.07354  0.05673 -0.49164
   0.06464  0.05386 -0.46922
   0.05631  0.05088 -0.44079
   0.04855  0.04778 -0.40508
   0.04137  0.04459 -0.36055
   0.03476  0.04129 -0.30518
   0.02873  0.03791 -0.23725
   0.02327  0.03444 -0.15379
   0.01839  0.03089 -0.05286
   0.01408  0.02726  0.06789
   0.01034  0.02356  0.21009
   0.00718  0.01980  0.37046
   0.00460  0.01596  0.54275
   0.00258  0.01206  0.71385
   0.00115  0.00810  0.86168
   0.00029  0.00408  0.96362
   0.00000  0.00000  1.00002
   0.00029 -0.00408  0.96373
   0.00115 -0.00810  0.86174
   0.00258 -0.01206  0.71368
   0.00460 -0.01596  0.54291
   0.00718 -0.01980  0.37049
   0.01034 -0.02356  0.20979
   0.01408 -0.02726  0.06804
   0.01839 -0.03089 -0.05291
   0.02327 -0.03444 -0.15383
   0.02873 -0.03791 -0.23719
   0.03476 -0.04129 -0.30520
   0.04137 -0.04459 -0.36046
   0.04855 -0.04778 -0.40500
   0.05631 -0.05088 -0.44085
   0.06464 -0.05386 -0.46931
   0.07354 -0.05673 -0.49164
   0.08302 -0.05948 -0.50869
   0.09308 -0.06209 -0.52148
   0.10371 -0.06458 -0.53032
   0.11491 -0.06692 -0.53592
   0.12669 -0.06911 -0.53852
   0.13904 -0.07115 -0.53862
   0.15197 -0.07303 -0.53645
   0.16547 -0.07474 -0.53217
   0.17955 -0.07627 -0.52597
   0.19420 -0.07763 -0.51810
   0.20942 -0.07880 -0.50865
   0.22522 -0.07977 -0.49776
   0.24160 -0.08056 -0.48561
   0.25855 -0.08114 -0.47224
   0.27607 -0.08152 -0.45776
   0.29417 -0.08169 -0.44235
   0.31284 -0.08164 -0.42610
   0.33209 -0.08139 -0.40913
   0.35191 -0.08092 -0.39158
   0.37231 -0.08023 -0.37360
   0.39328 -0.07932 -0.35541
   0.41482 -0.07819 -0.33717
   0.43694 -0.07685 -0.31912
   0.45964 -0.07528 -0.30151
   0.48291 -0.07349 -0.28460
   0.50675 -0.07148 -0.26858
   0.53117 -0.06925 -0.25364
   0.55616 -0.06679 -0.23985
   0.58173 -0.06412 -0.22715
   0.60787 -0.06123 -0.21549
   0.63459 -0.05812 -0.20500
   0.66188 -0.05478 -0.19565
   0.68974 -0.05122 -0.18740
   0.71818 -0.04743 -0.18012
   0.74720 -0.04341 -0.17373
   0.77679 -0.03916 -0.16809
   0.80695 -0.03465 -0.16312
   0.83769 -0.02989 -0.15871
   0.86900 -0.02487 -0.15476
   0.90089 -0.01956 -0.15121
   0.93335 -0.01394 -0.14797
   0.96639 -0.00800 -0.14495
   1.00000 -0.00172 -0.14186
