NACA57                                          
 Alfa =   0.00000 Re =    20000.000 Xflap,Yflap =     0.000000    0.000000
#    x        y        Cp  
   1.00000  0.00170 -0.13835
   0.96639  0.00794 -0.14151
   0.93335  0.01383 -0.14460
   0.90089  0.01940 -0.14794
   0.86900  0.02466 -0.15159
   0.83769  0.02965 -0.15565
   0.80695  0.03437 -0.16019
   0.77679  0.03884 -0.16531
   0.74720  0.04306 -0.17111
   0.71818  0.04705 -0.17769
   0.68974  0.05080 -0.18516
   0.66188  0.05434 -0.19362
   0.63459  0.05764 -0.20316
   0.60787  0.06073 -0.21385
   0.58173  0.06360 -0.22565
   0.55616  0.06625 -0.23846
   0.53117  0.06868 -0.25237
   0.50675  0.07089 -0.26739
   0.48291  0.07289 -0.28344
   0.45964  0.07466 -0.30034
   0.43694  0.07622 -0.31786
   0.41482  0.07756 -0.33577
   0.39328  0.07868 -0.35385
   0.37231  0.07958 -0.37184
   0.35191  0.08026 -0.38959
   0.33209  0.08073 -0.40692
   0.31284  0.08098 -0.42367
   0.29417  0.08102 -0.43971
   0.27607  0.08085 -0.45494
   0.25855  0.08048 -0.46918
   0.24160  0.07990 -0.48240
   0.22522  0.07913 -0.49443
   0.20942  0.07815 -0.50512
   0.19420  0.07700 -0.51453
   0.17955  0.07565 -0.52228
   0.16547  0.07413 -0.52845
   0.15197  0.07243 -0.53269
   0.13904  0.07057 -0.53497
   0.12669  0.06855 -0.53494
   0.11491  0.06638 -0.53230
   0.10371  0.06405 -0.52695
   0.09308  0.06159 -0.51818
   0.08302  0.05899 -0.50587
   0.07354  0.05627 -0.48901
   0.06464  0.05342 -0.46702
   0.05631  0.05046 -0.43919
   0.04855  0.04739 -0.40394
   0.04137  0.04422 -0.36007
   0.03476  0.04096 -0.30550
   0.02873  0.03760 -0.23826
   0.02327  0.03416 -0.15582
   0.01839  0.03064 -0.05547
   0.01408  0.02704  0.06435
   0.01034  0.02337  0.20589
   0.00718  0.01963  0.36635
   0.00460  0.01583  0.53897
   0.00258  0.01196  0.71081
   0.00115  0.00804  0.86027
   0.00029  0.00405  0.96322
   0.00000  0.00000  1.00003
   0.00029 -0.00405  0.96316
   0.00115 -0.00804  0.86027
   0.00258 -0.01196  0.71102
   0.00460 -0.01583  0.53906
   0.00718 -0.01963  0.36624
   0.01034 -0.02337  0.20578
   0.01408 -0.02704  0.06439
   0.01839 -0.03064 -0.05548
   0.02327 -0.03416 -0.15579
   0.02873 -0.03760 -0.23826
   0.03476 -0.04096 -0.30558
   0.04137 -0.04422 -0.36002
   0.04855 -0.04739 -0.40385
   0.05631 -0.05046 -0.43922
   0.06464 -0.05342 -0.46710
   0.07354 -0.05627 -0.48904
   0.08302 -0.05899 -0.50583
   0.09308 -0.06159 -0.51825
   0.10371 -0.06405 -0.52692
   0.11491 -0.06638 -0.53234
   0.12669 -0.06855 -0.53494
   0.13904 -0.07057 -0.53496
   0.15197 -0.07243 -0.53270
   0.16547 -0.07413 -0.52844
   0.17955 -0.07565 -0.52230
   0.19420 -0.07700 -0.51451
   0.20942 -0.07815 -0.50512
   0.22522 -0.07913 -0.49442
   0.24160 -0.07990 -0.48240
   0.25855 -0.08048 -0.46919
   0.27607 -0.08085 -0.45493
   0.29417 -0.08102 -0.43971
   0.31284 -0.08098 -0.42368
   0.33209 -0.08073 -0.40692
   0.35191 -0.08026 -0.38959
   0.37231 -0.07958 -0.37185
   0.39328 -0.07868 -0.35384
   0.41482 -0.07756 -0.33577
   0.43694 -0.07622 -0.31786
   0.45964 -0.07466 -0.30034
   0.48291 -0.07289 -0.28344
   0.50675 -0.07089 -0.26739
   0.53117 -0.06868 -0.25237
   0.55616 -0.06625 -0.23846
   0.58173 -0.06360 -0.22565
   0.60787 -0.06073 -0.21385
   0.63459 -0.05764 -0.20316
   0.66188 -0.05434 -0.19362
   0.68974 -0.05080 -0.18516
   0.71818 -0.04705 -0.17769
   0.74720 -0.04306 -0.17111
   0.77679 -0.03884 -0.16532
   0.80695 -0.03437 -0.16019
   0.83769 -0.02965 -0.15565
   0.86900 -0.02466 -0.15159
   0.90089 -0.01940 -0.14794
   0.93335 -0.01383 -0.14460
   0.96639 -0.00794 -0.14151
   1.00000 -0.00170 -0.13835
