NACA58                                          
 Alfa =   0.00000 Re =    20000.000 Xflap,Yflap =     0.000000    0.000000
#    x        y        Cp  
   1.00000  0.00169 -0.13492
   0.96639  0.00788 -0.13814
   0.93335  0.01372 -0.14131
   0.90089  0.01924 -0.14474
   0.86900  0.02447 -0.14850
   0.83769  0.02941 -0.15267
   0.80695  0.03409 -0.15735
   0.77679  0.03853 -0.16262
   0.74720  0.04271 -0.16858
   0.71818  0.04667 -0.17533
   0.68974  0.05039 -0.18299
   0.66188  0.05390 -0.19165
   0.63459  0.05718 -0.20139
   0.60787  0.06024 -0.21226
   0.58173  0.06309 -0.22418
   0.55616  0.06572 -0.23711
   0.53117  0.06813 -0.25112
   0.50675  0.07032 -0.26622
   0.48291  0.07230 -0.28229
   0.45964  0.07406 -0.29915
   0.43694  0.07560 -0.31659
   0.41482  0.07693 -0.33437
   0.39328  0.07804 -0.35226
   0.37231  0.07893 -0.37006
   0.35191  0.07961 -0.38761
   0.33209  0.08008 -0.40471
   0.31284  0.08033 -0.42124
   0.29417  0.08037 -0.43708
   0.27607  0.08020 -0.45209
   0.25855  0.07983 -0.46615
   0.24160  0.07925 -0.47918
   0.22522  0.07849 -0.49111
   0.20942  0.07752 -0.50168
   0.19420  0.07637 -0.51094
   0.17955  0.07504 -0.51867
   0.16547  0.07353 -0.52475
   0.15197  0.07185 -0.52902
   0.13904  0.07000 -0.53132
   0.12669  0.06800 -0.53129
   0.11491  0.06584 -0.52887
   0.10371  0.06353 -0.52362
   0.09308  0.06109 -0.51507
   0.08302  0.05851 -0.50291
   0.07354  0.05581 -0.48641
   0.06464  0.05299 -0.46493
   0.05631  0.05005 -0.43747
   0.04855  0.04701 -0.40294
   0.04137  0.04387 -0.35953
   0.03476  0.04063 -0.30564
   0.02873  0.03730 -0.23928
   0.02327  0.03389 -0.15773
   0.01839  0.03039 -0.05832
   0.01408  0.02682  0.06110
   0.01034  0.02318  0.20189
   0.00718  0.01948  0.36211
   0.00460  0.01570  0.53525
   0.00258  0.01187  0.70811
   0.00115  0.00797  0.85868
   0.00029  0.00401  0.96278
   0.00000  0.00000  1.00003
   0.00029 -0.00401  0.96280
   0.00115 -0.00797  0.85866
   0.00258 -0.01187  0.70807
   0.00460 -0.01570  0.53537
   0.00718 -0.01948  0.36211
   0.01034 -0.02318  0.20176
   0.01408 -0.02682  0.06111
   0.01839 -0.03039 -0.05832
   0.02327 -0.03389 -0.15776
   0.02873 -0.03730 -0.23920
   0.03476 -0.04063 -0.30570
   0.04137 -0.04387 -0.35951
   0.04855 -0.04701 -0.40290
   0.05631 -0.05005 -0.43745
   0.06464 -0.05299 -0.46501
   0.07354 -0.05581 -0.48641
   0.08302 -0.05851 -0.50288
   0.09308 -0.06109 -0.51513
   0.10371 -0.06353 -0.52360
   0.11491 -0.06584 -0.52890
   0.12669 -0.06800 -0.53131
   0.13904 -0.07000 -0.53131
   0.15197 -0.07185 -0.52902
   0.16547 -0.07353 -0.52473
   0.17955 -0.07504 -0.51866
   0.19420 -0.07637 -0.51094
   0.20942 -0.07752 -0.50169
   0.22522 -0.07849 -0.49111
   0.24160 -0.07925 -0.47918
   0.25855 -0.07983 -0.46616
   0.27607 -0.08020 -0.45210
   0.29417 -0.08037 -0.43709
   0.31284 -0.08033 -0.42125
   0.33209 -0.08008 -0.40471
   0.35191 -0.07961 -0.38761
   0.37231 -0.07893 -0.37007
   0.39328 -0.07804 -0.35226
   0.41482 -0.07693 -0.33437
   0.43694 -0.07560 -0.31659
   0.45964 -0.07406 -0.29915
   0.48291 -0.07230 -0.28229
   0.50675 -0.07032 -0.26622
   0.53117 -0.06813 -0.25112
   0.55616 -0.06572 -0.23711
   0.58173 -0.06309 -0.22418
   0.60787 -0.06024 -0.21226
   0.63459 -0.05718 -0.20140
   0.66188 -0.05390 -0.19165
   0.68974 -0.05039 -0.18299
   0.71818 -0.04667 -0.17534
   0.74720 -0.04271 -0.16858
   0.77679 -0.03853 -0.16262
   0.80695 -0.03409 -0.15735
   0.83769 -0.02941 -0.15267
   0.86900 -0.02447 -0.14850
   0.90089 -0.01924 -0.14474
   0.93335 -0.01372 -0.14131
   0.96639 -0.00788 -0.13814
   1.00000 -0.00169 -0.13492
