NACA59                                          
 Alfa =   0.00000 Re =    20000.000 Xflap,Yflap =     0.000000    0.000000
#    x        y        Cp  
   1.00000  0.00167 -0.13156
   0.96639  0.00781 -0.13485
   0.93335  0.01361 -0.13810
   0.90089  0.01908 -0.14162
   0.86900  0.02427 -0.14548
   0.83769  0.02918 -0.14977
   0.80695  0.03382 -0.15458
   0.77679  0.03822 -0.16000
   0.74720  0.04237 -0.16613
   0.71818  0.04629 -0.17306
   0.68974  0.04999 -0.18091
   0.66188  0.05347 -0.18976
   0.63459  0.05672 -0.19969
   0.60787  0.05976 -0.21072
   0.58173  0.06258 -0.22275
   0.55616  0.06519 -0.23579
   0.53117  0.06758 -0.24990
   0.50675  0.06976 -0.26506
   0.48291  0.07172 -0.28114
   0.45964  0.07347 -0.29796
   0.43694  0.07500 -0.31529
   0.41482  0.07632 -0.33293
   0.39328  0.07742 -0.35066
   0.37231  0.07830 -0.36827
   0.35191  0.07897 -0.38560
   0.33209  0.07943 -0.40251
   0.31284  0.07968 -0.41882
   0.29417  0.07972 -0.43444
   0.27607  0.07956 -0.44925
   0.25855  0.07919 -0.46313
   0.24160  0.07862 -0.47602
   0.22522  0.07786 -0.48778
   0.20942  0.07690 -0.49826
   0.19420  0.07576 -0.50742
   0.17955  0.07444 -0.51508
   0.16547  0.07294 -0.52110
   0.15197  0.07127 -0.52540
   0.13904  0.06944 -0.52767
   0.12669  0.06745 -0.52770
   0.11491  0.06531 -0.52533
   0.10371  0.06302 -0.52024
   0.09308  0.06060 -0.51194
   0.08302  0.05804 -0.50006
   0.07354  0.05536 -0.48391
   0.06464  0.05256 -0.46274
   0.05631  0.04965 -0.43580
   0.04855  0.04663 -0.40174
   0.04137  0.04352 -0.35896
   0.03476  0.04030 -0.30585
   0.02873  0.03700 -0.24030
   0.02327  0.03361 -0.15953
   0.01839  0.03015 -0.06094
   0.01408  0.02661  0.05753
   0.01034  0.02300  0.19807
   0.00718  0.01932  0.35798
   0.00460  0.01558  0.53143
   0.00258  0.01177  0.70527
   0.00115  0.00791  0.85724
   0.00029  0.00398  0.96230
   0.00000  0.00000  1.00003
   0.00029 -0.00398  0.96229
   0.00115 -0.00791  0.85714
   0.00258 -0.01177  0.70540
   0.00460 -0.01558  0.53145
   0.00718 -0.01932  0.35788
   0.01034 -0.02300  0.19793
   0.01408 -0.02661  0.05763
   0.01839 -0.03015 -0.06095
   0.02327 -0.03361 -0.15947
   0.02873 -0.03700 -0.24027
   0.03476 -0.04030 -0.30594
   0.04137 -0.04352 -0.35886
   0.04855 -0.04663 -0.40168
   0.05631 -0.04965 -0.43580
   0.06464 -0.05256 -0.46281
   0.07354 -0.05536 -0.48393
   0.08302 -0.05804 -0.50005
   0.09308 -0.06060 -0.51200
   0.10371 -0.06302 -0.52022
   0.11491 -0.06531 -0.52539
   0.12669 -0.06745 -0.52772
   0.13904 -0.06944 -0.52766
   0.15197 -0.07127 -0.52542
   0.16547 -0.07294 -0.52109
   0.17955 -0.07444 -0.51508
   0.19420 -0.07576 -0.50740
   0.20942 -0.07690 -0.49826
   0.22522 -0.07786 -0.48778
   0.24160 -0.07862 -0.47602
   0.25855 -0.07919 -0.46314
   0.27607 -0.07956 -0.44925
   0.29417 -0.07972 -0.43444
   0.31284 -0.07968 -0.41882
   0.33209 -0.07943 -0.40250
   0.35191 -0.07897 -0.38560
   0.37231 -0.07830 -0.36828
   0.39328 -0.07742 -0.35066
   0.41482 -0.07632 -0.33293
   0.43694 -0.07500 -0.31530
   0.45964 -0.07347 -0.29796
   0.48291 -0.07172 -0.28114
   0.50675 -0.06976 -0.26506
   0.53117 -0.06758 -0.24991
   0.55616 -0.06519 -0.23579
   0.58173 -0.06258 -0.22275
   0.60787 -0.05976 -0.21072
   0.63459 -0.05672 -0.19969
   0.66188 -0.05347 -0.18976
   0.68974 -0.04999 -0.18091
   0.71818 -0.04629 -0.17306
   0.74720 -0.04237 -0.16613
   0.77679 -0.03822 -0.16000
   0.80695 -0.03382 -0.15458
   0.83769 -0.02918 -0.14978
   0.86900 -0.02427 -0.14548
   0.90089 -0.01908 -0.14162
   0.93335 -0.01361 -0.13811
   0.96639 -0.00781 -0.13485
   1.00000 -0.00167 -0.13156
