NACA6                                           
 Alfa =   0.00000 Re =    20000.000 Xflap,Yflap =     0.000000    0.000000
#    x        y        Cp  
   1.00000  0.00291 -0.40956
   0.96639  0.01358 -0.41051
   0.93335  0.02365 -0.41119
   0.90089  0.03317 -0.41182
   0.86900  0.04218 -0.41242
   0.83769  0.05071 -0.41299
   0.80695  0.05878 -0.41355
   0.77679  0.06642 -0.41411
   0.74720  0.07364 -0.41468
   0.71818  0.08046 -0.41527
   0.68974  0.08688 -0.41590
   0.66188  0.09292 -0.41659
   0.63459  0.09858 -0.41737
   0.60787  0.10386 -0.41828
   0.58173  0.10877 -0.41937
   0.55616  0.11330 -0.42070
   0.53117  0.11746 -0.42237
   0.50675  0.12124 -0.42450
   0.48291  0.12465 -0.42724
   0.45964  0.12769 -0.43081
   0.43694  0.13035 -0.43548
   0.41482  0.13264 -0.44160
   0.39328  0.13455 -0.44963
   0.37231  0.13609 -0.46016
   0.35191  0.13726 -0.47388
   0.33209  0.13806 -0.49146
   0.31284  0.13849 -0.51318
   0.29417  0.13856 -0.53872
   0.27607  0.13827 -0.56835
   0.25855  0.13763 -0.60102
   0.24160  0.13665 -0.63470
   0.22522  0.13532 -0.66719
   0.20942  0.13366 -0.69670
   0.19420  0.13168 -0.72190
   0.17955  0.12938 -0.74182
   0.16547  0.12677 -0.75589
   0.15197  0.12388 -0.76354
   0.13904  0.12069 -0.76419
   0.12669  0.11723 -0.75770
   0.11491  0.11351 -0.74334
   0.10371  0.10954 -0.72097
   0.09308  0.10533 -0.68947
   0.08302  0.10088 -0.64897
   0.07354  0.09623 -0.59826
   0.06464  0.09136 -0.53710
   0.05631  0.08630 -0.46480
   0.04855  0.08105 -0.38111
   0.04137  0.07563 -0.28540
   0.03476  0.07005 -0.17790
   0.02873  0.06431 -0.05927
   0.02327  0.05842  0.06967
   0.01839  0.05240  0.20620
   0.01408  0.04625  0.34720
   0.01034  0.03997  0.48862
   0.00718  0.03358  0.62421
   0.00460  0.02707  0.74773
   0.00258  0.02046  0.85266
   0.00115  0.01374  0.93274
   0.00029  0.00692  0.98291
   0.00000  0.00000  1.00003
   0.00029 -0.00692  0.98293
   0.00115 -0.01374  0.93274
   0.00258 -0.02046  0.85274
   0.00460 -0.02707  0.74772
   0.00718 -0.03358  0.62413
   0.01034 -0.03997  0.48858
   0.01408 -0.04625  0.34718
   0.01839 -0.05240  0.20615
   0.02327 -0.05842  0.06966
   0.02873 -0.06431 -0.05915
   0.03476 -0.07005 -0.17797
   0.04137 -0.07563 -0.28533
   0.04855 -0.08105 -0.38095
   0.05631 -0.08630 -0.46484
   0.06464 -0.09136 -0.53721
   0.07354 -0.09623 -0.59832
   0.08302 -0.10088 -0.64893
   0.09308 -0.10533 -0.68952
   0.10371 -0.10954 -0.72099
   0.11491 -0.11351 -0.74341
   0.12669 -0.11723 -0.75769
   0.13904 -0.12069 -0.76419
   0.15197 -0.12388 -0.76351
   0.16547 -0.12677 -0.75591
   0.17955 -0.12938 -0.74182
   0.19420 -0.13168 -0.72191
   0.20942 -0.13366 -0.69669
   0.22522 -0.13532 -0.66719
   0.24160 -0.13665 -0.63469
   0.25855 -0.13763 -0.60102
   0.27607 -0.13827 -0.56835
   0.29417 -0.13856 -0.53872
   0.31284 -0.13849 -0.51319
   0.33209 -0.13806 -0.49146
   0.35191 -0.13726 -0.47388
   0.37231 -0.13609 -0.46016
   0.39328 -0.13455 -0.44963
   0.41482 -0.13264 -0.44160
   0.43694 -0.13035 -0.43548
   0.45964 -0.12769 -0.43081
   0.48291 -0.12465 -0.42724
   0.50675 -0.12124 -0.42450
   0.53117 -0.11746 -0.42237
   0.55616 -0.11330 -0.42070
   0.58173 -0.10877 -0.41937
   0.60787 -0.10386 -0.41828
   0.63459 -0.09858 -0.41737
   0.66188 -0.09292 -0.41659
   0.68974 -0.08688 -0.41590
   0.71818 -0.08046 -0.41527
   0.74720 -0.07364 -0.41468
   0.77679 -0.06642 -0.41411
   0.80695 -0.05878 -0.41355
   0.83769 -0.05071 -0.41299
   0.86900 -0.04218 -0.41242
   0.90089 -0.03317 -0.41182
   0.93335 -0.02365 -0.41119
   0.96639 -0.01358 -0.41051
   1.00000 -0.00291 -0.40956
