NACA60                                          
 Alfa =   0.00000 Re =    20000.000 Xflap,Yflap =     0.000000    0.000000
#    x        y        Cp  
   1.00000  0.00166 -0.12828
   0.96639  0.00775 -0.13164
   0.93335  0.01350 -0.13497
   0.90089  0.01893 -0.13858
   0.86900  0.02408 -0.14255
   0.83769  0.02894 -0.14696
   0.80695  0.03355 -0.15190
   0.77679  0.03791 -0.15746
   0.74720  0.04203 -0.16375
   0.71818  0.04593 -0.17086
   0.68974  0.04959 -0.17890
   0.66188  0.05304 -0.18794
   0.63459  0.05627 -0.19804
   0.60787  0.05928 -0.20923
   0.58173  0.06208 -0.22136
   0.55616  0.06467 -0.23450
   0.53117  0.06704 -0.24871
   0.50675  0.06920 -0.26392
   0.48291  0.07115 -0.28000
   0.45964  0.07288 -0.29676
   0.43694  0.07440 -0.31399
   0.41482  0.07571 -0.33149
   0.39328  0.07680 -0.34904
   0.37231  0.07768 -0.36646
   0.35191  0.07835 -0.38357
   0.33209  0.07880 -0.40027
   0.31284  0.07905 -0.41637
   0.29417  0.07909 -0.43180
   0.27607  0.07892 -0.44645
   0.25855  0.07856 -0.46016
   0.24160  0.07800 -0.47287
   0.22522  0.07724 -0.48448
   0.20942  0.07629 -0.49487
   0.19420  0.07516 -0.50393
   0.17955  0.07385 -0.51147
   0.16547  0.07236 -0.51755
   0.15197  0.07071 -0.52173
   0.13904  0.06889 -0.52408
   0.12669  0.06692 -0.52419
   0.11491  0.06479 -0.52193
   0.10371  0.06252 -0.51700
   0.09308  0.06012 -0.50885
   0.08302  0.05758 -0.49722
   0.07354  0.05492 -0.48136
   0.06464  0.05215 -0.46066
   0.05631  0.04926 -0.43405
   0.04855  0.04626 -0.40047
   0.04137  0.04317 -0.35837
   0.03476  0.03998 -0.30601
   0.02873  0.03671 -0.24114
   0.02327  0.03335 -0.16125
   0.01839  0.02991 -0.06369
   0.01408  0.02640  0.05414
   0.01034  0.02282  0.19404
   0.00718  0.01917  0.35387
   0.00460  0.01545  0.52794
   0.00258  0.01168  0.70248
   0.00115  0.00784  0.85547
   0.00029  0.00395  0.96191
   0.00000  0.00000  1.00002
   0.00029 -0.00395  0.96198
   0.00115 -0.00784  0.85549
   0.00258 -0.01168  0.70253
   0.00460 -0.01545  0.52794
   0.00718 -0.01917  0.35386
   0.01034 -0.02282  0.19380
   0.01408 -0.02640  0.05425
   0.01839 -0.02991 -0.06365
   0.02327 -0.03335 -0.16129
   0.02873 -0.03671 -0.24108
   0.03476 -0.03998 -0.30604
   0.04137 -0.04317 -0.35839
   0.04855 -0.04626 -0.40036
   0.05631 -0.04926 -0.43407
   0.06464 -0.05215 -0.46073
   0.07354 -0.05492 -0.48136
   0.08302 -0.05758 -0.49720
   0.09308 -0.06012 -0.50891
   0.10371 -0.06252 -0.51702
   0.11491 -0.06479 -0.52194
   0.12669 -0.06692 -0.52420
   0.13904 -0.06889 -0.52406
   0.15197 -0.07071 -0.52173
   0.16547 -0.07236 -0.51755
   0.17955 -0.07385 -0.51148
   0.19420 -0.07516 -0.50390
   0.20942 -0.07629 -0.49486
   0.22522 -0.07724 -0.48448
   0.24160 -0.07800 -0.47284
   0.25855 -0.07856 -0.46016
   0.27607 -0.07892 -0.44645
   0.29417 -0.07909 -0.43181
   0.31284 -0.07905 -0.41638
   0.33209 -0.07880 -0.40026
   0.35191 -0.07835 -0.38357
   0.37231 -0.07768 -0.36646
   0.39328 -0.07680 -0.34904
   0.41482 -0.07571 -0.33149
   0.43694 -0.07440 -0.31399
   0.45964 -0.07288 -0.29676
   0.48291 -0.07115 -0.28000
   0.50675 -0.06920 -0.26392
   0.53117 -0.06704 -0.24871
   0.55616 -0.06467 -0.23451
   0.58173 -0.06208 -0.22136
   0.60787 -0.05928 -0.20923
   0.63459 -0.05627 -0.19805
   0.66188 -0.05304 -0.18794
   0.68974 -0.04959 -0.17890
   0.71818 -0.04593 -0.17086
   0.74720 -0.04203 -0.16375
   0.77679 -0.03791 -0.15746
   0.80695 -0.03355 -0.15190
   0.83769 -0.02894 -0.14696
   0.86900 -0.02408 -0.14255
   0.90089 -0.01893 -0.13858
   0.93335 -0.01350 -0.13497
   0.96639 -0.00775 -0.13164
   1.00000 -0.00166 -0.12828
