NACA61                                          
 Alfa =   0.00000 Re =    20000.000 Xflap,Yflap =     0.000000    0.000000
#    x        y        Cp  
   1.00000  0.00165 -0.12508
   0.96639  0.00769 -0.12850
   0.93335  0.01339 -0.13192
   0.90089  0.01878 -0.13562
   0.86900  0.02389 -0.13969
   0.83769  0.02872 -0.14421
   0.80695  0.03329 -0.14929
   0.77679  0.03761 -0.15500
   0.74720  0.04170 -0.16146
   0.71818  0.04556 -0.16874
   0.68974  0.04920 -0.17696
   0.66188  0.05262 -0.18618
   0.63459  0.05582 -0.19646
   0.60787  0.05882 -0.20777
   0.58173  0.06159 -0.22000
   0.55616  0.06416 -0.23325
   0.53117  0.06651 -0.24754
   0.50675  0.06866 -0.26278
   0.48291  0.07059 -0.27885
   0.45964  0.07231 -0.29555
   0.43694  0.07382 -0.31268
   0.41482  0.07511 -0.33003
   0.39328  0.07620 -0.34740
   0.37231  0.07707 -0.36463
   0.35191  0.07773 -0.38157
   0.33209  0.07818 -0.39804
   0.31284  0.07843 -0.41395
   0.29417  0.07847 -0.42920
   0.27607  0.07830 -0.44362
   0.25855  0.07794 -0.45716
   0.24160  0.07738 -0.46974
   0.22522  0.07663 -0.48122
   0.20942  0.07569 -0.49147
   0.19420  0.07457 -0.50045
   0.17955  0.07327 -0.50798
   0.16547  0.07179 -0.51395
   0.15197  0.07015 -0.51815
   0.13904  0.06835 -0.52055
   0.12669  0.06639 -0.52066
   0.11491  0.06428 -0.51853
   0.10371  0.06203 -0.51369
   0.09308  0.05965 -0.50584
   0.08302  0.05713 -0.49439
   0.07354  0.05449 -0.47882
   0.06464  0.05173 -0.45836
   0.05631  0.04887 -0.43235
   0.04855  0.04590 -0.39927
   0.04137  0.04283 -0.35791
   0.03476  0.03967 -0.30618
   0.02873  0.03642 -0.24207
   0.02327  0.03308 -0.16289
   0.01839  0.02967 -0.06608
   0.01408  0.02619  0.05081
   0.01034  0.02264  0.19004
   0.00718  0.01901  0.35003
   0.00460  0.01533  0.52419
   0.00258  0.01159  0.69954
   0.00115  0.00778  0.85397
   0.00029  0.00392  0.96150
   0.00000  0.00000  1.00003
   0.00029 -0.00392  0.96152
   0.00115 -0.00778  0.85401
   0.00258 -0.01159  0.69968
   0.00460 -0.01533  0.52414
   0.00718 -0.01901  0.34987
   0.01034 -0.02264  0.19000
   0.01408 -0.02619  0.05095
   0.01839 -0.02967 -0.06620
   0.02327 -0.03308 -0.16289
   0.02873 -0.03642 -0.24201
   0.03476 -0.03967 -0.30622
   0.04137 -0.04283 -0.35785
   0.04855 -0.04590 -0.39919
   0.05631 -0.04887 -0.43233
   0.06464 -0.05173 -0.45844
   0.07354 -0.05449 -0.47885
   0.08302 -0.05713 -0.49438
   0.09308 -0.05965 -0.50589
   0.10371 -0.06203 -0.51368
   0.11491 -0.06428 -0.51853
   0.12669 -0.06639 -0.52067
   0.13904 -0.06835 -0.52053
   0.15197 -0.07015 -0.51815
   0.16547 -0.07179 -0.51394
   0.17955 -0.07327 -0.50800
   0.19420 -0.07457 -0.50044
   0.20942 -0.07569 -0.49148
   0.22522 -0.07663 -0.48122
   0.24160 -0.07738 -0.46973
   0.25855 -0.07794 -0.45717
   0.27607 -0.07830 -0.44361
   0.29417 -0.07847 -0.42920
   0.31284 -0.07843 -0.41396
   0.33209 -0.07818 -0.39804
   0.35191 -0.07773 -0.38157
   0.37231 -0.07707 -0.36463
   0.39328 -0.07620 -0.34740
   0.41482 -0.07511 -0.33003
   0.43694 -0.07382 -0.31268
   0.45964 -0.07231 -0.29555
   0.48291 -0.07059 -0.27885
   0.50675 -0.06866 -0.26278
   0.53117 -0.06651 -0.24754
   0.55616 -0.06416 -0.23325
   0.58173 -0.06159 -0.22000
   0.60787 -0.05882 -0.20777
   0.63459 -0.05582 -0.19646
   0.66188 -0.05262 -0.18618
   0.68974 -0.04920 -0.17696
   0.71818 -0.04556 -0.16874
   0.74720 -0.04170 -0.16146
   0.77679 -0.03761 -0.15500
   0.80695 -0.03329 -0.14929
   0.83769 -0.02872 -0.14421
   0.86900 -0.02389 -0.13969
   0.90089 -0.01878 -0.13562
   0.93335 -0.01339 -0.13192
   0.96639 -0.00769 -0.12850
   1.00000 -0.00165 -0.12508
