NACA62                                          
 Alfa =   0.00000 Re =    20000.000 Xflap,Yflap =     0.000000    0.000000
#    x        y        Cp  
   1.00000  0.00163 -0.12195
   0.96639  0.00763 -0.12545
   0.93335  0.01329 -0.12894
   0.90089  0.01864 -0.13273
   0.86900  0.02370 -0.13690
   0.83769  0.02849 -0.14155
   0.80695  0.03303 -0.14676
   0.77679  0.03732 -0.15262
   0.74720  0.04138 -0.15924
   0.71818  0.04521 -0.16670
   0.68974  0.04882 -0.17509
   0.66188  0.05221 -0.18448
   0.63459  0.05539 -0.19492
   0.60787  0.05836 -0.20634
   0.58173  0.06111 -0.21868
   0.55616  0.06366 -0.23203
   0.53117  0.06599 -0.24638
   0.50675  0.06812 -0.26165
   0.48291  0.07004 -0.27769
   0.45964  0.07174 -0.29433
   0.43694  0.07324 -0.31135
   0.41482  0.07452 -0.32855
   0.39328  0.07560 -0.34575
   0.37231  0.07646 -0.36279
   0.35191  0.07712 -0.37951
   0.33209  0.07757 -0.39581
   0.31284  0.07781 -0.41152
   0.29417  0.07785 -0.42658
   0.27607  0.07769 -0.44084
   0.25855  0.07733 -0.45424
   0.24160  0.07677 -0.46663
   0.22522  0.07603 -0.47797
   0.20942  0.07510 -0.48813
   0.19420  0.07398 -0.49702
   0.17955  0.07269 -0.50448
   0.16547  0.07123 -0.51038
   0.15197  0.06960 -0.51463
   0.13904  0.06781 -0.51695
   0.12669  0.06587 -0.51721
   0.11491  0.06378 -0.51511
   0.10371  0.06155 -0.51047
   0.09308  0.05918 -0.50273
   0.08302  0.05668 -0.49159
   0.07354  0.05407 -0.47635
   0.06464  0.05133 -0.45630
   0.05631  0.04849 -0.43058
   0.04855  0.04554 -0.39805
   0.04137  0.04249 -0.35727
   0.03476  0.03936 -0.30612
   0.02873  0.03613 -0.24306
   0.02327  0.03283 -0.16450
   0.01839  0.02944 -0.06872
   0.01408  0.02599  0.04771
   0.01034  0.02246  0.18629
   0.00718  0.01887  0.34587
   0.00460  0.01521  0.52057
   0.00258  0.01150  0.69684
   0.00115  0.00772  0.85235
   0.00029  0.00389  0.96103
   0.00000  0.00000  1.00002
   0.00029 -0.00389  0.96111
   0.00115 -0.00772  0.85240
   0.00258 -0.01150  0.69686
   0.00460 -0.01521  0.52053
   0.00718 -0.01887  0.34588
   0.01034 -0.02246  0.18620
   0.01408 -0.02599  0.04762
   0.01839 -0.02944 -0.06875
   0.02327 -0.03283 -0.16453
   0.02873 -0.03613 -0.24293
   0.03476 -0.03936 -0.30618
   0.04137 -0.04249 -0.35719
   0.04855 -0.04554 -0.39797
   0.05631 -0.04849 -0.43060
   0.06464 -0.05133 -0.45636
   0.07354 -0.05407 -0.47639
   0.08302 -0.05668 -0.49154
   0.09308 -0.05918 -0.50279
   0.10371 -0.06155 -0.51045
   0.11491 -0.06378 -0.51516
   0.12669 -0.06587 -0.51722
   0.13904 -0.06781 -0.51697
   0.15197 -0.06960 -0.51464
   0.16547 -0.07123 -0.51037
   0.17955 -0.07269 -0.50449
   0.19420 -0.07398 -0.49701
   0.20942 -0.07510 -0.48813
   0.22522 -0.07603 -0.47796
   0.24160 -0.07677 -0.46663
   0.25855 -0.07733 -0.45424
   0.27607 -0.07769 -0.44084
   0.29417 -0.07785 -0.42658
   0.31284 -0.07781 -0.41152
   0.33209 -0.07757 -0.39581
   0.35191 -0.07712 -0.37952
   0.37231 -0.07646 -0.36279
   0.39328 -0.07560 -0.34575
   0.41482 -0.07452 -0.32855
   0.43694 -0.07324 -0.31135
   0.45964 -0.07174 -0.29433
   0.48291 -0.07004 -0.27770
   0.50675 -0.06812 -0.26165
   0.53117 -0.06599 -0.24638
   0.55616 -0.06366 -0.23203
   0.58173 -0.06111 -0.21868
   0.60787 -0.05836 -0.20634
   0.63459 -0.05539 -0.19492
   0.66188 -0.05221 -0.18449
   0.68974 -0.04882 -0.17509
   0.71818 -0.04521 -0.16670
   0.74720 -0.04138 -0.15924
   0.77679 -0.03732 -0.15262
   0.80695 -0.03303 -0.14676
   0.83769 -0.02849 -0.14155
   0.86900 -0.02370 -0.13690
   0.90089 -0.01864 -0.13273
   0.93335 -0.01329 -0.12894
   0.96639 -0.00763 -0.12545
   1.00000 -0.00163 -0.12195
