NACA63                                          
 Alfa =   0.00000 Re =    20000.000 Xflap,Yflap =     0.000000    0.000000
#    x        y        Cp  
   1.00000  0.00162 -0.11889
   0.96639  0.00757 -0.12245
   0.93335  0.01318 -0.12603
   0.90089  0.01849 -0.12991
   0.86900  0.02351 -0.13420
   0.83769  0.02827 -0.13896
   0.80695  0.03277 -0.14431
   0.77679  0.03703 -0.15032
   0.74720  0.04106 -0.15709
   0.71818  0.04486 -0.16472
   0.68974  0.04844 -0.17329
   0.66188  0.05181 -0.18285
   0.63459  0.05496 -0.19344
   0.60787  0.05790 -0.20495
   0.58173  0.06064 -0.21740
   0.55616  0.06316 -0.23083
   0.53117  0.06548 -0.24525
   0.50675  0.06759 -0.26054
   0.48291  0.06949 -0.27656
   0.45964  0.07119 -0.29311
   0.43694  0.07267 -0.31001
   0.41482  0.07395 -0.32706
   0.39328  0.07501 -0.34410
   0.37231  0.07587 -0.36094
   0.35191  0.07652 -0.37750
   0.33209  0.07697 -0.39358
   0.31284  0.07721 -0.40910
   0.29417  0.07725 -0.42396
   0.27607  0.07709 -0.43808
   0.25855  0.07673 -0.45127
   0.24160  0.07618 -0.46357
   0.22522  0.07544 -0.47477
   0.20942  0.07451 -0.48483
   0.19420  0.07341 -0.49364
   0.17955  0.07213 -0.50102
   0.16547  0.07068 -0.50686
   0.15197  0.06906 -0.51112
   0.13904  0.06729 -0.51346
   0.12669  0.06536 -0.51383
   0.11491  0.06328 -0.51179
   0.10371  0.06107 -0.50722
   0.09308  0.05872 -0.49967
   0.08302  0.05624 -0.48883
   0.07354  0.05364 -0.47380
   0.06464  0.05093 -0.45413
   0.05631  0.04811 -0.42884
   0.04855  0.04519 -0.39695
   0.04137  0.04216 -0.35653
   0.03476  0.03905 -0.30621
   0.02873  0.03585 -0.24369
   0.02327  0.03257 -0.16640
   0.01839  0.02921 -0.07096
   0.01408  0.02578  0.04445
   0.01034  0.02228  0.18258
   0.00718  0.01872  0.34193
   0.00460  0.01509  0.51688
   0.00258  0.01141  0.69406
   0.00115  0.00766  0.85084
   0.00029  0.00386  0.96063
   0.00000  0.00000  1.00003
   0.00029 -0.00386  0.96053
   0.00115 -0.00766  0.85092
   0.00258 -0.01141  0.69425
   0.00460 -0.01509  0.51672
   0.00718 -0.01872  0.34190
   0.01034 -0.02228  0.18256
   0.01408 -0.02578  0.04440
   0.01839 -0.02921 -0.07102
   0.02327 -0.03257 -0.16621
   0.02873 -0.03585 -0.24362
   0.03476 -0.03905 -0.30633
   0.04137 -0.04216 -0.35650
   0.04855 -0.04519 -0.39688
   0.05631 -0.04811 -0.42884
   0.06464 -0.05093 -0.45418
   0.07354 -0.05364 -0.47382
   0.08302 -0.05624 -0.48880
   0.09308 -0.05872 -0.49973
   0.10371 -0.06107 -0.50723
   0.11491 -0.06328 -0.51180
   0.12669 -0.06536 -0.51385
   0.13904 -0.06729 -0.51345
   0.15197 -0.06906 -0.51111
   0.16547 -0.07068 -0.50687
   0.17955 -0.07213 -0.50104
   0.19420 -0.07341 -0.49363
   0.20942 -0.07451 -0.48483
   0.22522 -0.07544 -0.47477
   0.24160 -0.07618 -0.46356
   0.25855 -0.07673 -0.45127
   0.27607 -0.07709 -0.43808
   0.29417 -0.07725 -0.42396
   0.31284 -0.07721 -0.40910
   0.33209 -0.07697 -0.39358
   0.35191 -0.07652 -0.37751
   0.37231 -0.07587 -0.36095
   0.39328 -0.07501 -0.34411
   0.41482 -0.07395 -0.32706
   0.43694 -0.07267 -0.31001
   0.45964 -0.07119 -0.29310
   0.48291 -0.06949 -0.27656
   0.50675 -0.06759 -0.26054
   0.53117 -0.06548 -0.24525
   0.55616 -0.06316 -0.23084
   0.58173 -0.06064 -0.21740
   0.60787 -0.05790 -0.20496
   0.63459 -0.05496 -0.19344
   0.66188 -0.05181 -0.18285
   0.68974 -0.04844 -0.17329
   0.71818 -0.04486 -0.16472
   0.74720 -0.04106 -0.15709
   0.77679 -0.03703 -0.15032
   0.80695 -0.03277 -0.14431
   0.83769 -0.02827 -0.13896
   0.86900 -0.02351 -0.13420
   0.90089 -0.01849 -0.12991
   0.93335 -0.01318 -0.12603
   0.96639 -0.00757 -0.12245
   1.00000 -0.00162 -0.11889
