NACA64                                          
 Alfa =   0.00000 Re =    20000.000 Xflap,Yflap =     0.000000    0.000000
#    x        y        Cp  
   1.00000  0.00161 -0.11591
   0.96639  0.00751 -0.11954
   0.93335  0.01308 -0.12320
   0.90089  0.01835 -0.12718
   0.86900  0.02333 -0.13156
   0.83769  0.02805 -0.13645
   0.80695  0.03252 -0.14193
   0.77679  0.03674 -0.14809
   0.74720  0.04074 -0.15502
   0.71818  0.04451 -0.16282
   0.68974  0.04806 -0.17155
   0.66188  0.05141 -0.18128
   0.63459  0.05454 -0.19200
   0.60787  0.05746 -0.20360
   0.58173  0.06017 -0.21615
   0.55616  0.06268 -0.22967
   0.53117  0.06498 -0.24413
   0.50675  0.06707 -0.25942
   0.48291  0.06896 -0.27540
   0.45964  0.07064 -0.29188
   0.43694  0.07211 -0.30866
   0.41482  0.07338 -0.32557
   0.39328  0.07443 -0.34242
   0.37231  0.07529 -0.35910
   0.35191  0.07593 -0.37544
   0.33209  0.07637 -0.39135
   0.31284  0.07661 -0.40668
   0.29417  0.07665 -0.42137
   0.27607  0.07649 -0.43531
   0.25855  0.07614 -0.44835
   0.24160  0.07559 -0.46050
   0.22522  0.07486 -0.47161
   0.20942  0.07394 -0.48153
   0.19420  0.07284 -0.49025
   0.17955  0.07157 -0.49759
   0.16547  0.07013 -0.50344
   0.15197  0.06853 -0.50762
   0.13904  0.06677 -0.51002
   0.12669  0.06485 -0.51040
   0.11491  0.06280 -0.50852
   0.10371  0.06060 -0.50407
   0.09308  0.05827 -0.49670
   0.08302  0.05581 -0.48606
   0.07354  0.05323 -0.47133
   0.06464  0.05054 -0.45201
   0.05631  0.04774 -0.42716
   0.04855  0.04484 -0.39570
   0.04137  0.04184 -0.35588
   0.03476  0.03875 -0.30614
   0.02873  0.03557 -0.24445
   0.02327  0.03232 -0.16785
   0.01839  0.02899 -0.07328
   0.01408  0.02558  0.04134
   0.01034  0.02211  0.17871
   0.00718  0.01858  0.33807
   0.00460  0.01498  0.51323
   0.00258  0.01132  0.69124
   0.00115  0.00760  0.84927
   0.00029  0.00383  0.96017
   0.00000  0.00000  1.00003
   0.00029 -0.00383  0.96014
   0.00115 -0.00760  0.84932
   0.00258 -0.01132  0.69131
   0.00460 -0.01498  0.51318
   0.00718 -0.01858  0.33803
   0.01034 -0.02211  0.17871
   0.01408 -0.02558  0.04145
   0.01839 -0.02899 -0.07334
   0.02327 -0.03232 -0.16792
   0.02873 -0.03557 -0.24438
   0.03476 -0.03875 -0.30622
   0.04137 -0.04184 -0.35583
   0.04855 -0.04484 -0.39560
   0.05631 -0.04774 -0.42714
   0.06464 -0.05054 -0.45211
   0.07354 -0.05323 -0.47135
   0.08302 -0.05581 -0.48604
   0.09308 -0.05827 -0.49673
   0.10371 -0.06060 -0.50405
   0.11491 -0.06280 -0.50857
   0.12669 -0.06485 -0.51041
   0.13904 -0.06677 -0.51001
   0.15197 -0.06853 -0.50763
   0.16547 -0.07013 -0.50344
   0.17955 -0.07157 -0.49759
   0.19420 -0.07284 -0.49024
   0.20942 -0.07394 -0.48154
   0.22522 -0.07486 -0.47160
   0.24160 -0.07559 -0.46050
   0.25855 -0.07614 -0.44836
   0.27607 -0.07649 -0.43531
   0.29417 -0.07665 -0.42137
   0.31284 -0.07661 -0.40668
   0.33209 -0.07637 -0.39134
   0.35191 -0.07593 -0.37545
   0.37231 -0.07529 -0.35911
   0.39328 -0.07443 -0.34242
   0.41482 -0.07338 -0.32556
   0.43694 -0.07211 -0.30866
   0.45964 -0.07064 -0.29188
   0.48291 -0.06896 -0.27541
   0.50675 -0.06707 -0.25943
   0.53117 -0.06498 -0.24413
   0.55616 -0.06268 -0.22967
   0.58173 -0.06017 -0.21615
   0.60787 -0.05746 -0.20361
   0.63459 -0.05454 -0.19200
   0.66188 -0.05141 -0.18128
   0.68974 -0.04806 -0.17155
   0.71818 -0.04451 -0.16282
   0.74720 -0.04074 -0.15502
   0.77679 -0.03674 -0.14809
   0.80695 -0.03252 -0.14193
   0.83769 -0.02805 -0.13645
   0.86900 -0.02333 -0.13156
   0.90089 -0.01835 -0.12718
   0.93335 -0.01308 -0.12320
   0.96639 -0.00751 -0.11954
   1.00000 -0.00161 -0.11591
