NACA65                                          
 Alfa =   0.00000 Re =    20000.000 Xflap,Yflap =     0.000000    0.000000
#    x        y        Cp  
   1.00000  0.00160 -0.11299
   0.96639  0.00745 -0.11669
   0.93335  0.01298 -0.12043
   0.90089  0.01821 -0.12451
   0.86900  0.02316 -0.12900
   0.83769  0.02784 -0.13401
   0.80695  0.03227 -0.13962
   0.77679  0.03646 -0.14593
   0.74720  0.04043 -0.15302
   0.71818  0.04417 -0.16098
   0.68974  0.04770 -0.16988
   0.66188  0.05101 -0.17975
   0.63459  0.05412 -0.19059
   0.60787  0.05702 -0.20229
   0.58173  0.05971 -0.21493
   0.55616  0.06220 -0.22852
   0.53117  0.06448 -0.24303
   0.50675  0.06656 -0.25833
   0.48291  0.06843 -0.27425
   0.45964  0.07010 -0.29064
   0.43694  0.07156 -0.30729
   0.41482  0.07282 -0.32406
   0.39328  0.07386 -0.34075
   0.37231  0.07471 -0.35725
   0.35191  0.07535 -0.37341
   0.33209  0.07579 -0.38912
   0.31284  0.07603 -0.40429
   0.29417  0.07607 -0.41877
   0.27607  0.07591 -0.43255
   0.25855  0.07556 -0.44547
   0.24160  0.07501 -0.45747
   0.22522  0.07429 -0.46845
   0.20942  0.07338 -0.47829
   0.19420  0.07229 -0.48690
   0.17955  0.07102 -0.49420
   0.16547  0.06960 -0.50002
   0.15197  0.06800 -0.50415
   0.13904  0.06626 -0.50665
   0.12669  0.06436 -0.50700
   0.11491  0.06232 -0.50525
   0.10371  0.06013 -0.50095
   0.09308  0.05782 -0.49374
   0.08302  0.05538 -0.48325
   0.07354  0.05283 -0.46884
   0.06464  0.05015 -0.44973
   0.05631  0.04738 -0.42545
   0.04855  0.04450 -0.39436
   0.04137  0.04152 -0.35519
   0.03476  0.03845 -0.30621
   0.02873  0.03530 -0.24515
   0.02327  0.03207 -0.16935
   0.01839  0.02877 -0.07551
   0.01408  0.02539  0.03816
   0.01034  0.02194  0.17521
   0.00718  0.01843  0.33416
   0.00460  0.01486  0.50940
   0.00258  0.01123  0.68860
   0.00115  0.00754  0.84770
   0.00029  0.00380  0.95964
   0.00000  0.00000  1.00003
   0.00029 -0.00380  0.95972
   0.00115 -0.00754  0.84769
   0.00258 -0.01123  0.68860
   0.00460 -0.01486  0.50947
   0.00718 -0.01843  0.33410
   0.01034 -0.02194  0.17515
   0.01408 -0.02539  0.03816
   0.01839 -0.02877 -0.07565
   0.02327 -0.03207 -0.16925
   0.02873 -0.03530 -0.24513
   0.03476 -0.03845 -0.30626
   0.04137 -0.04152 -0.35512
   0.04855 -0.04450 -0.39431
   0.05631 -0.04738 -0.42551
   0.06464 -0.05015 -0.44985
   0.07354 -0.05283 -0.46884
   0.08302 -0.05538 -0.48324
   0.09308 -0.05782 -0.49375
   0.10371 -0.06013 -0.50094
   0.11491 -0.06232 -0.50530
   0.12669 -0.06436 -0.50702
   0.13904 -0.06626 -0.50664
   0.15197 -0.06800 -0.50415
   0.16547 -0.06960 -0.50002
   0.17955 -0.07102 -0.49421
   0.19420 -0.07229 -0.48689
   0.20942 -0.07338 -0.47830
   0.22522 -0.07429 -0.46845
   0.24160 -0.07501 -0.45746
   0.25855 -0.07556 -0.44548
   0.27607 -0.07591 -0.43255
   0.29417 -0.07607 -0.41878
   0.31284 -0.07603 -0.40430
   0.33209 -0.07579 -0.38912
   0.35191 -0.07535 -0.37341
   0.37231 -0.07471 -0.35726
   0.39328 -0.07386 -0.34075
   0.41482 -0.07282 -0.32406
   0.43694 -0.07156 -0.30730
   0.45964 -0.07010 -0.29064
   0.48291 -0.06843 -0.27426
   0.50675 -0.06656 -0.25833
   0.53117 -0.06448 -0.24303
   0.55616 -0.06220 -0.22853
   0.58173 -0.05971 -0.21493
   0.60787 -0.05702 -0.20229
   0.63459 -0.05412 -0.19059
   0.66188 -0.05101 -0.17976
   0.68974 -0.04770 -0.16988
   0.71818 -0.04417 -0.16098
   0.74720 -0.04043 -0.15302
   0.77679 -0.03646 -0.14593
   0.80695 -0.03227 -0.13962
   0.83769 -0.02784 -0.13401
   0.86900 -0.02316 -0.12900
   0.90089 -0.01821 -0.12451
   0.93335 -0.01298 -0.12043
   0.96639 -0.00745 -0.11669
   1.00000 -0.00160 -0.11299
