NACA66                                          
 Alfa =   0.00000 Re =    20000.000 Xflap,Yflap =     0.000000    0.000000
#    x        y        Cp  
   1.00000  0.00158 -0.11015
   0.96639  0.00740 -0.11392
   0.93335  0.01288 -0.11774
   0.90089  0.01807 -0.12191
   0.86900  0.02298 -0.12651
   0.83769  0.02763 -0.13164
   0.80695  0.03202 -0.13738
   0.77679  0.03619 -0.14384
   0.74720  0.04012 -0.15108
   0.71818  0.04384 -0.15920
   0.68974  0.04734 -0.16826
   0.66188  0.05063 -0.17828
   0.63459  0.05371 -0.18922
   0.60787  0.05658 -0.20102
   0.58173  0.05926 -0.21374
   0.55616  0.06173 -0.22740
   0.53117  0.06399 -0.24194
   0.50675  0.06605 -0.25723
   0.48291  0.06791 -0.27310
   0.45964  0.06957 -0.28940
   0.43694  0.07102 -0.30593
   0.41482  0.07226 -0.32255
   0.39328  0.07331 -0.33907
   0.37231  0.07414 -0.35539
   0.35191  0.07478 -0.37137
   0.33209  0.07521 -0.38690
   0.31284  0.07545 -0.40188
   0.29417  0.07549 -0.41621
   0.27607  0.07533 -0.42983
   0.25855  0.07498 -0.44260
   0.24160  0.07445 -0.45448
   0.22522  0.07372 -0.46532
   0.20942  0.07282 -0.47506
   0.19420  0.07174 -0.48362
   0.17955  0.07049 -0.49083
   0.16547  0.06907 -0.49663
   0.15197  0.06749 -0.50076
   0.13904  0.06575 -0.50325
   0.12669  0.06387 -0.50369
   0.11491  0.06184 -0.50200
   0.10371  0.05968 -0.49775
   0.09308  0.05738 -0.49078
   0.08302  0.05496 -0.48056
   0.07354  0.05242 -0.46636
   0.06464  0.04977 -0.44770
   0.05631  0.04702 -0.42365
   0.04855  0.04416 -0.39310
   0.04137  0.04120 -0.35453
   0.03476  0.03816 -0.30610
   0.02873  0.03503 -0.24574
   0.02327  0.03183 -0.17075
   0.01839  0.02855 -0.07795
   0.01408  0.02520  0.03525
   0.01034  0.02178  0.17163
   0.00718  0.01829  0.33029
   0.00460  0.01475  0.50590
   0.00258  0.01115  0.68552
   0.00115  0.00749  0.84603
   0.00029  0.00377  0.95928
   0.00000  0.00000  1.00003
   0.00029 -0.00377  0.95925
   0.00115 -0.00749  0.84605
   0.00258 -0.01115  0.68569
   0.00460 -0.01475  0.50592
   0.00718 -0.01829  0.33020
   0.01034 -0.02178  0.17159
   0.01408 -0.02520  0.03528
   0.01839 -0.02855 -0.07797
   0.02327 -0.03183 -0.17061
   0.02873 -0.03503 -0.24574
   0.03476 -0.03816 -0.30621
   0.04137 -0.04120 -0.35448
   0.04855 -0.04416 -0.39302
   0.05631 -0.04702 -0.42363
   0.06464 -0.04977 -0.44780
   0.07354 -0.05242 -0.46640
   0.08302 -0.05496 -0.48053
   0.09308 -0.05738 -0.49083
   0.10371 -0.05968 -0.49776
   0.11491 -0.06184 -0.50202
   0.12669 -0.06387 -0.50370
   0.13904 -0.06575 -0.50324
   0.15197 -0.06749 -0.50078
   0.16547 -0.06907 -0.49661
   0.17955 -0.07049 -0.49084
   0.19420 -0.07174 -0.48362
   0.20942 -0.07282 -0.47506
   0.22522 -0.07372 -0.46532
   0.24160 -0.07445 -0.45446
   0.25855 -0.07498 -0.44261
   0.27607 -0.07533 -0.42983
   0.29417 -0.07549 -0.41623
   0.31284 -0.07545 -0.40189
   0.33209 -0.07521 -0.38689
   0.35191 -0.07478 -0.37137
   0.37231 -0.07414 -0.35540
   0.39328 -0.07331 -0.33907
   0.41482 -0.07226 -0.32255
   0.43694 -0.07102 -0.30593
   0.45964 -0.06957 -0.28940
   0.48291 -0.06791 -0.27310
   0.50675 -0.06605 -0.25723
   0.53117 -0.06399 -0.24194
   0.55616 -0.06173 -0.22740
   0.58173 -0.05926 -0.21374
   0.60787 -0.05658 -0.20102
   0.63459 -0.05371 -0.18922
   0.66188 -0.05063 -0.17828
   0.68974 -0.04734 -0.16826
   0.71818 -0.04384 -0.15921
   0.74720 -0.04012 -0.15109
   0.77679 -0.03619 -0.14384
   0.80695 -0.03202 -0.13739
   0.83769 -0.02763 -0.13164
   0.86900 -0.02298 -0.12651
   0.90089 -0.01807 -0.12191
   0.93335 -0.01288 -0.11774
   0.96639 -0.00740 -0.11392
   1.00000 -0.00158 -0.11015
