NACA67                                          
 Alfa =   0.00000 Re =    20000.000 Xflap,Yflap =     0.000000    0.000000
#    x        y        Cp  
   1.00000  0.00157 -0.10738
   0.96639  0.00734 -0.11122
   0.93335  0.01279 -0.11512
   0.90089  0.01794 -0.11938
   0.86900  0.02281 -0.12409
   0.83769  0.02742 -0.12934
   0.80695  0.03178 -0.13522
   0.77679  0.03591 -0.14181
   0.74720  0.03982 -0.14921
   0.71818  0.04351 -0.15749
   0.68974  0.04698 -0.16670
   0.66188  0.05024 -0.17685
   0.63459  0.05330 -0.18788
   0.60787  0.05616 -0.19977
   0.58173  0.05881 -0.21258
   0.55616  0.06126 -0.22630
   0.53117  0.06351 -0.24086
   0.50675  0.06556 -0.25612
   0.48291  0.06740 -0.27194
   0.45964  0.06904 -0.28813
   0.43694  0.07048 -0.30455
   0.41482  0.07172 -0.32100
   0.39328  0.07275 -0.33738
   0.37231  0.07359 -0.35351
   0.35191  0.07422 -0.36933
   0.33209  0.07465 -0.38469
   0.31284  0.07488 -0.39950
   0.29417  0.07492 -0.41367
   0.27607  0.07476 -0.42711
   0.25855  0.07442 -0.43973
   0.24160  0.07389 -0.45151
   0.22522  0.07317 -0.46222
   0.20942  0.07227 -0.47188
   0.19420  0.07120 -0.48037
   0.17955  0.06995 -0.48750
   0.16547  0.06855 -0.49327
   0.15197  0.06698 -0.49738
   0.13904  0.06526 -0.49989
   0.12669  0.06339 -0.50039
   0.11491  0.06138 -0.49875
   0.10371  0.05923 -0.49473
   0.09308  0.05695 -0.48784
   0.08302  0.05455 -0.47778
   0.07354  0.05203 -0.46387
   0.06464  0.04940 -0.44552
   0.05631  0.04666 -0.42192
   0.04855  0.04383 -0.39191
   0.04137  0.04089 -0.35381
   0.03476  0.03788 -0.30602
   0.02873  0.03477 -0.24649
   0.02327  0.03159 -0.17211
   0.01839  0.02833 -0.08009
   0.01408  0.02501  0.03214
   0.01034  0.02161  0.16824
   0.00718  0.01816  0.32654
   0.00460  0.01464  0.50224
   0.00258  0.01106  0.68282
   0.00115  0.00743  0.84456
   0.00029  0.00374  0.95882
   0.00000  0.00000  1.00003
   0.00029 -0.00374  0.95887
   0.00115 -0.00743  0.84455
   0.00258 -0.01106  0.68299
   0.00460 -0.01464  0.50218
   0.00718 -0.01816  0.32642
   0.01034 -0.02161  0.16822
   0.01408 -0.02501  0.03215
   0.01839 -0.02833 -0.08016
   0.02327 -0.03159 -0.17203
   0.02873 -0.03477 -0.24643
   0.03476 -0.03788 -0.30617
   0.04137 -0.04089 -0.35373
   0.04855 -0.04383 -0.39181
   0.05631 -0.04666 -0.42191
   0.06464 -0.04940 -0.44561
   0.07354 -0.05203 -0.46390
   0.08302 -0.05455 -0.47777
   0.09308 -0.05695 -0.48791
   0.10371 -0.05923 -0.49473
   0.11491 -0.06138 -0.49878
   0.12669 -0.06339 -0.50039
   0.13904 -0.06526 -0.49989
   0.15197 -0.06698 -0.49740
   0.16547 -0.06855 -0.49327
   0.17955 -0.06995 -0.48750
   0.19420 -0.07120 -0.48036
   0.20942 -0.07227 -0.47188
   0.22522 -0.07317 -0.46222
   0.24160 -0.07389 -0.45150
   0.25855 -0.07442 -0.43974
   0.27607 -0.07476 -0.42712
   0.29417 -0.07492 -0.41369
   0.31284 -0.07488 -0.39950
   0.33209 -0.07465 -0.38469
   0.35191 -0.07422 -0.36933
   0.37231 -0.07359 -0.35352
   0.39328 -0.07275 -0.33738
   0.41482 -0.07172 -0.32100
   0.43694 -0.07048 -0.30456
   0.45964 -0.06904 -0.28813
   0.48291 -0.06740 -0.27195
   0.50675 -0.06556 -0.25613
   0.53117 -0.06351 -0.24086
   0.55616 -0.06126 -0.22630
   0.58173 -0.05881 -0.21258
   0.60787 -0.05616 -0.19977
   0.63459 -0.05330 -0.18788
   0.66188 -0.05024 -0.17686
   0.68974 -0.04698 -0.16670
   0.71818 -0.04351 -0.15749
   0.74720 -0.03982 -0.14922
   0.77679 -0.03591 -0.14182
   0.80695 -0.03178 -0.13522
   0.83769 -0.02742 -0.12934
   0.86900 -0.02281 -0.12409
   0.90089 -0.01794 -0.11938
   0.93335 -0.01279 -0.11512
   0.96639 -0.00734 -0.11122
   1.00000 -0.00157 -0.10738
