NACA68                                          
 Alfa =   0.00000 Re =    20000.000 Xflap,Yflap =     0.000000    0.000000
#    x        y        Cp  
   1.00000  0.00156 -0.10467
   0.96639  0.00729 -0.10858
   0.93335  0.01269 -0.11256
   0.90089  0.01780 -0.11692
   0.86900  0.02264 -0.12174
   0.83769  0.02721 -0.12711
   0.80695  0.03155 -0.13312
   0.77679  0.03565 -0.13986
   0.74720  0.03952 -0.14741
   0.71818  0.04318 -0.15583
   0.68974  0.04663 -0.16518
   0.66188  0.04987 -0.17547
   0.63459  0.05291 -0.18658
   0.60787  0.05574 -0.19855
   0.58173  0.05837 -0.21144
   0.55616  0.06080 -0.22521
   0.53117  0.06303 -0.23978
   0.50675  0.06507 -0.25502
   0.48291  0.06690 -0.27078
   0.45964  0.06853 -0.28688
   0.43694  0.06995 -0.30316
   0.41482  0.07118 -0.31947
   0.39328  0.07221 -0.33568
   0.37231  0.07304 -0.35166
   0.35191  0.07366 -0.36727
   0.33209  0.07409 -0.38248
   0.31284  0.07432 -0.39710
   0.29417  0.07436 -0.41113
   0.27607  0.07421 -0.42442
   0.25855  0.07386 -0.43691
   0.24160  0.07333 -0.44852
   0.22522  0.07262 -0.45916
   0.20942  0.07173 -0.46873
   0.19420  0.07067 -0.47713
   0.17955  0.06943 -0.48419
   0.16547  0.06803 -0.48993
   0.15197  0.06648 -0.49411
   0.13904  0.06477 -0.49656
   0.12669  0.06291 -0.49710
   0.11491  0.06092 -0.49564
   0.10371  0.05879 -0.49160
   0.09308  0.05652 -0.48491
   0.08302  0.05414 -0.47510
   0.07354  0.05164 -0.46155
   0.06464  0.04903 -0.44341
   0.05631  0.04631 -0.42021
   0.04855  0.04350 -0.39047
   0.04137  0.04059 -0.35311
   0.03476  0.03759 -0.30590
   0.02873  0.03451 -0.24705
   0.02327  0.03135 -0.17344
   0.01839  0.02812 -0.08235
   0.01408  0.02482  0.02942
   0.01034  0.02145  0.16453
   0.00718  0.01802  0.32263
   0.00460  0.01453  0.49880
   0.00258  0.01098  0.68013
   0.00115  0.00738  0.84294
   0.00029  0.00371  0.95834
   0.00000  0.00000  1.00003
   0.00029 -0.00371  0.95835
   0.00115 -0.00738  0.84292
   0.00258 -0.01098  0.68021
   0.00460 -0.01453  0.49880
   0.00718 -0.01802  0.32255
   0.01034 -0.02145  0.16446
   0.01408 -0.02482  0.02943
   0.01839 -0.02812 -0.08236
   0.02327 -0.03135 -0.17350
   0.02873 -0.03451 -0.24690
   0.03476 -0.03759 -0.30589
   0.04137 -0.04059 -0.35312
   0.04855 -0.04350 -0.39042
   0.05631 -0.04631 -0.42022
   0.06464 -0.04903 -0.44350
   0.07354 -0.05164 -0.46156
   0.08302 -0.05414 -0.47509
   0.09308 -0.05652 -0.48497
   0.10371 -0.05879 -0.49160
   0.11491 -0.06092 -0.49564
   0.12669 -0.06291 -0.49711
   0.13904 -0.06477 -0.49656
   0.15197 -0.06648 -0.49412
   0.16547 -0.06803 -0.48991
   0.17955 -0.06943 -0.48420
   0.19420 -0.07067 -0.47711
   0.20942 -0.07173 -0.46874
   0.22522 -0.07262 -0.45916
   0.24160 -0.07333 -0.44851
   0.25855 -0.07386 -0.43692
   0.27607 -0.07421 -0.42442
   0.29417 -0.07436 -0.41114
   0.31284 -0.07432 -0.39711
   0.33209 -0.07409 -0.38247
   0.35191 -0.07366 -0.36727
   0.37231 -0.07304 -0.35167
   0.39328 -0.07221 -0.33568
   0.41482 -0.07118 -0.31947
   0.43694 -0.06995 -0.30316
   0.45964 -0.06853 -0.28687
   0.48291 -0.06690 -0.27078
   0.50675 -0.06507 -0.25503
   0.53117 -0.06303 -0.23978
   0.55616 -0.06080 -0.22521
   0.58173 -0.05837 -0.21144
   0.60787 -0.05574 -0.19855
   0.63459 -0.05291 -0.18658
   0.66188 -0.04987 -0.17547
   0.68974 -0.04663 -0.16518
   0.71818 -0.04318 -0.15583
   0.74720 -0.03952 -0.14741
   0.77679 -0.03565 -0.13986
   0.80695 -0.03155 -0.13312
   0.83769 -0.02721 -0.12711
   0.86900 -0.02264 -0.12174
   0.90089 -0.01780 -0.11692
   0.93335 -0.01269 -0.11256
   0.96639 -0.00729 -0.10858
   1.00000 -0.00156 -0.10467
