NACA69                                          
 Alfa =   0.00000 Re =    20000.000 Xflap,Yflap =     0.000000    0.000000
#    x        y        Cp  
   1.00000  0.00155 -0.10203
   0.96639  0.00723 -0.10601
   0.93335  0.01260 -0.11008
   0.90089  0.01767 -0.11453
   0.86900  0.02247 -0.11945
   0.83769  0.02701 -0.12494
   0.80695  0.03131 -0.13109
   0.77679  0.03538 -0.13797
   0.74720  0.03923 -0.14566
   0.71818  0.04286 -0.15424
   0.68974  0.04628 -0.16372
   0.66188  0.04950 -0.17411
   0.63459  0.05251 -0.18531
   0.60787  0.05533 -0.19737
   0.58173  0.05794 -0.21033
   0.55616  0.06035 -0.22414
   0.53117  0.06257 -0.23872
   0.50675  0.06458 -0.25393
   0.48291  0.06640 -0.26962
   0.45964  0.06802 -0.28561
   0.43694  0.06944 -0.30176
   0.41482  0.07065 -0.31792
   0.39328  0.07167 -0.33399
   0.37231  0.07249 -0.34978
   0.35191  0.07312 -0.36525
   0.33209  0.07354 -0.38027
   0.31284  0.07377 -0.39474
   0.29417  0.07381 -0.40858
   0.27607  0.07366 -0.42176
   0.25855  0.07331 -0.43410
   0.24160  0.07279 -0.44558
   0.22522  0.07208 -0.45615
   0.20942  0.07120 -0.46558
   0.19420  0.07014 -0.47389
   0.17955  0.06892 -0.48094
   0.16547  0.06753 -0.48667
   0.15197  0.06599 -0.49082
   0.13904  0.06429 -0.49329
   0.12669  0.06245 -0.49391
   0.11491  0.06047 -0.49246
   0.10371  0.05835 -0.48857
   0.09308  0.05611 -0.48207
   0.08302  0.05374 -0.47244
   0.07354  0.05126 -0.45898
   0.06464  0.04866 -0.44133
   0.05631  0.04597 -0.41845
   0.04855  0.04318 -0.38934
   0.04137  0.04029 -0.35221
   0.03476  0.03731 -0.30580
   0.02873  0.03426 -0.24753
   0.02327  0.03112 -0.17471
   0.01839  0.02791 -0.08439
   0.01408  0.02464  0.02641
   0.01034  0.02129  0.16114
   0.00718  0.01789  0.31893
   0.00460  0.01442  0.49504
   0.00258  0.01090  0.67728
   0.00115  0.00732  0.84145
   0.00029  0.00369  0.95791
   0.00000  0.00000  1.00003
   0.00029 -0.00369  0.95794
   0.00115 -0.00732  0.84141
   0.00258 -0.01090  0.67732
   0.00460 -0.01442  0.49508
   0.00718 -0.01789  0.31897
   0.01034 -0.02129  0.16105
   0.01408 -0.02464  0.02646
   0.01839 -0.02791 -0.08447
   0.02327 -0.03112 -0.17466
   0.02873 -0.03426 -0.24752
   0.03476 -0.03731 -0.30589
   0.04137 -0.04029 -0.35212
   0.04855 -0.04318 -0.38924
   0.05631 -0.04597 -0.41846
   0.06464 -0.04866 -0.44139
   0.07354 -0.05126 -0.45902
   0.08302 -0.05374 -0.47242
   0.09308 -0.05611 -0.48213
   0.10371 -0.05835 -0.48857
   0.11491 -0.06047 -0.49248
   0.12669 -0.06245 -0.49390
   0.13904 -0.06429 -0.49329
   0.15197 -0.06599 -0.49082
   0.16547 -0.06753 -0.48666
   0.17955 -0.06892 -0.48095
   0.19420 -0.07014 -0.47388
   0.20942 -0.07120 -0.46559
   0.22522 -0.07208 -0.45613
   0.24160 -0.07279 -0.44558
   0.25855 -0.07331 -0.43409
   0.27607 -0.07366 -0.42176
   0.29417 -0.07381 -0.40859
   0.31284 -0.07377 -0.39474
   0.33209 -0.07354 -0.38027
   0.35191 -0.07312 -0.36525
   0.37231 -0.07249 -0.34979
   0.39328 -0.07167 -0.33399
   0.41482 -0.07065 -0.31792
   0.43694 -0.06944 -0.30177
   0.45964 -0.06802 -0.28561
   0.48291 -0.06640 -0.26962
   0.50675 -0.06458 -0.25393
   0.53117 -0.06257 -0.23872
   0.55616 -0.06035 -0.22414
   0.58173 -0.05794 -0.21033
   0.60787 -0.05533 -0.19737
   0.63459 -0.05251 -0.18531
   0.66188 -0.04950 -0.17412
   0.68974 -0.04628 -0.16372
   0.71818 -0.04286 -0.15424
   0.74720 -0.03923 -0.14566
   0.77679 -0.03538 -0.13797
   0.80695 -0.03131 -0.13109
   0.83769 -0.02701 -0.12494
   0.86900 -0.02247 -0.11945
   0.90089 -0.01767 -0.11453
   0.93335 -0.01260 -0.11008
   0.96639 -0.00723 -0.10601
   1.00000 -0.00155 -0.10203
