NACA7                                           
 Alfa =   0.00000 Re =    20000.000 Xflap,Yflap =     0.000000    0.000000
#    x        y        Cp  
   1.00000  0.00287 -0.40267
   0.96639  0.01339 -0.40365
   0.93335  0.02332 -0.40434
   0.90089  0.03272 -0.40499
   0.86900  0.04160 -0.40560
   0.83769  0.05001 -0.40619
   0.80695  0.05797 -0.40677
   0.77679  0.06551 -0.40736
   0.74720  0.07263 -0.40796
   0.71818  0.07936 -0.40858
   0.68974  0.08569 -0.40926
   0.66188  0.09165 -0.41000
   0.63459  0.09723 -0.41084
   0.60787  0.10244 -0.41182
   0.58173  0.10727 -0.41300
   0.55616  0.11174 -0.41445
   0.53117  0.11584 -0.41625
   0.50675  0.11958 -0.41855
   0.48291  0.12294 -0.42151
   0.45964  0.12594 -0.42534
   0.43694  0.12856 -0.43033
   0.41482  0.13082 -0.43683
   0.39328  0.13270 -0.44533
   0.37231  0.13422 -0.45641
   0.35191  0.13537 -0.47076
   0.33209  0.13616 -0.48897
   0.31284  0.13659 -0.51114
   0.29417  0.13666 -0.53707
   0.27607  0.13637 -0.56691
   0.25855  0.13574 -0.59942
   0.24160  0.13477 -0.63258
   0.22522  0.13346 -0.66436
   0.20942  0.13182 -0.69315
   0.19420  0.12987 -0.71763
   0.17955  0.12760 -0.73705
   0.16547  0.12503 -0.75066
   0.15197  0.12218 -0.75821
   0.13904  0.11903 -0.75895
   0.12669  0.11562 -0.75258
   0.11491  0.11195 -0.73879
   0.10371  0.10804 -0.71699
   0.09308  0.10388 -0.68658
   0.08302  0.09950 -0.64689
   0.07354  0.09490 -0.59770
   0.06464  0.09010 -0.53755
   0.05631  0.08511 -0.46680
   0.04855  0.07994 -0.38448
   0.04137  0.07459 -0.29020
   0.03476  0.06909 -0.18398
   0.02873  0.06342 -0.06642
   0.02327  0.05762  0.06187
   0.01839  0.05168  0.19815
   0.01408  0.04561  0.33945
   0.01034  0.03942  0.48166
   0.00718  0.03312  0.61841
   0.00460  0.02670  0.74352
   0.00258  0.02018  0.85013
   0.00115  0.01355  0.93152
   0.00029  0.00683  0.98255
   0.00000  0.00000  1.00003
   0.00029 -0.00683  0.98256
   0.00115 -0.01355  0.93153
   0.00258 -0.02018  0.85010
   0.00460 -0.02670  0.74353
   0.00718 -0.03312  0.61842
   0.01034 -0.03942  0.48154
   0.01408 -0.04561  0.33955
   0.01839 -0.05168  0.19819
   0.02327 -0.05762  0.06181
   0.02873 -0.06342 -0.06636
   0.03476 -0.06909 -0.18404
   0.04137 -0.07459 -0.29008
   0.04855 -0.07994 -0.38438
   0.05631 -0.08511 -0.46686
   0.06464 -0.09010 -0.53763
   0.07354 -0.09490 -0.59766
   0.08302 -0.09950 -0.64691
   0.09308 -0.10388 -0.68666
   0.10371 -0.10804 -0.71697
   0.11491 -0.11195 -0.73887
   0.12669 -0.11562 -0.75257
   0.13904 -0.11903 -0.75895
   0.15197 -0.12218 -0.75822
   0.16547 -0.12503 -0.75064
   0.17955 -0.12760 -0.73706
   0.19420 -0.12987 -0.71761
   0.20942 -0.13182 -0.69314
   0.22522 -0.13346 -0.66436
   0.24160 -0.13477 -0.63259
   0.25855 -0.13574 -0.59942
   0.27607 -0.13637 -0.56691
   0.29417 -0.13666 -0.53707
   0.31284 -0.13659 -0.51114
   0.33209 -0.13616 -0.48897
   0.35191 -0.13537 -0.47076
   0.37231 -0.13422 -0.45641
   0.39328 -0.13270 -0.44533
   0.41482 -0.13082 -0.43683
   0.43694 -0.12856 -0.43033
   0.45964 -0.12594 -0.42534
   0.48291 -0.12294 -0.42151
   0.50675 -0.11958 -0.41855
   0.53117 -0.11584 -0.41625
   0.55616 -0.11174 -0.41445
   0.58173 -0.10727 -0.41300
   0.60787 -0.10244 -0.41182
   0.63459 -0.09723 -0.41084
   0.66188 -0.09165 -0.41000
   0.68974 -0.08569 -0.40926
   0.71818 -0.07936 -0.40858
   0.74720 -0.07263 -0.40796
   0.77679 -0.06551 -0.40736
   0.80695 -0.05797 -0.40677
   0.83769 -0.05001 -0.40619
   0.86900 -0.04160 -0.40560
   0.90089 -0.03272 -0.40499
   0.93335 -0.02332 -0.40434
   0.96639 -0.01339 -0.40365
   1.00000 -0.00287 -0.40267
