NACA70                                          
 Alfa =   0.00000 Re =    20000.000 Xflap,Yflap =     0.000000    0.000000
#    x        y        Cp  
   1.00000  0.00154 -0.09946
   0.96639  0.00718 -0.10350
   0.93335  0.01251 -0.10766
   0.90089  0.01754 -0.11220
   0.86900  0.02230 -0.11723
   0.83769  0.02681 -0.12284
   0.80695  0.03108 -0.12912
   0.77679  0.03512 -0.13614
   0.74720  0.03894 -0.14398
   0.71818  0.04254 -0.15269
   0.68974  0.04594 -0.16231
   0.66188  0.04913 -0.17279
   0.63459  0.05213 -0.18407
   0.60787  0.05492 -0.19621
   0.58173  0.05751 -0.20924
   0.55616  0.05991 -0.22309
   0.53117  0.06211 -0.23767
   0.50675  0.06411 -0.25283
   0.48291  0.06591 -0.26845
   0.45964  0.06752 -0.28433
   0.43694  0.06893 -0.30036
   0.41482  0.07013 -0.31638
   0.39328  0.07115 -0.33228
   0.37231  0.07196 -0.34792
   0.35191  0.07258 -0.36321
   0.33209  0.07300 -0.37806
   0.31284  0.07323 -0.39239
   0.29417  0.07327 -0.40609
   0.27607  0.07311 -0.41908
   0.25855  0.07277 -0.43134
   0.24160  0.07225 -0.44266
   0.22522  0.07155 -0.45312
   0.20942  0.07067 -0.46245
   0.19420  0.06962 -0.47075
   0.17955  0.06841 -0.47774
   0.16547  0.06703 -0.48336
   0.15197  0.06550 -0.48757
   0.13904  0.06382 -0.49002
   0.12669  0.06199 -0.49071
   0.11491  0.06002 -0.48929
   0.10371  0.05792 -0.48565
   0.09308  0.05569 -0.47917
   0.08302  0.05334 -0.46978
   0.07354  0.05088 -0.45663
   0.06464  0.04831 -0.43919
   0.05631  0.04563 -0.41679
   0.04855  0.04286 -0.38799
   0.04137  0.03999 -0.35145
   0.03476  0.03704 -0.30554
   0.02873  0.03400 -0.24821
   0.02327  0.03089 -0.17600
   0.01839  0.02771 -0.08623
   0.01408  0.02445  0.02375
   0.01034  0.02114  0.15761
   0.00718  0.01775  0.31526
   0.00460  0.01431  0.49170
   0.00258  0.01082  0.67454
   0.00115  0.00727  0.83979
   0.00029  0.00366  0.95742
   0.00000  0.00000  1.00003
   0.00029 -0.00366  0.95731
   0.00115 -0.00727  0.83985
   0.00258 -0.01082  0.67480
   0.00460 -0.01431  0.49163
   0.00718 -0.01775  0.31511
   0.01034 -0.02114  0.15773
   0.01408 -0.02445  0.02374
   0.01839 -0.02771 -0.08633
   0.02327 -0.03089 -0.17595
   0.02873 -0.03400 -0.24817
   0.03476 -0.03704 -0.30559
   0.04137 -0.03999 -0.35148
   0.04855 -0.04286 -0.38793
   0.05631 -0.04563 -0.41674
   0.06464 -0.04831 -0.43928
   0.07354 -0.05088 -0.45666
   0.08302 -0.05334 -0.46975
   0.09308 -0.05569 -0.47922
   0.10371 -0.05792 -0.48565
   0.11491 -0.06002 -0.48930
   0.12669 -0.06199 -0.49074
   0.13904 -0.06382 -0.49002
   0.15197 -0.06550 -0.48758
   0.16547 -0.06703 -0.48336
   0.17955 -0.06841 -0.47774
   0.19420 -0.06962 -0.47074
   0.20942 -0.07067 -0.46245
   0.22522 -0.07155 -0.45313
   0.24160 -0.07225 -0.44266
   0.25855 -0.07277 -0.43135
   0.27607 -0.07311 -0.41909
   0.29417 -0.07327 -0.40611
   0.31284 -0.07323 -0.39239
   0.33209 -0.07300 -0.37806
   0.35191 -0.07258 -0.36322
   0.37231 -0.07196 -0.34792
   0.39328 -0.07115 -0.33228
   0.41482 -0.07013 -0.31638
   0.43694 -0.06893 -0.30037
   0.45964 -0.06752 -0.28433
   0.48291 -0.06591 -0.26845
   0.50675 -0.06411 -0.25284
   0.53117 -0.06211 -0.23767
   0.55616 -0.05991 -0.22309
   0.58173 -0.05751 -0.20924
   0.60787 -0.05492 -0.19622
   0.63459 -0.05213 -0.18407
   0.66188 -0.04913 -0.17280
   0.68974 -0.04594 -0.16231
   0.71818 -0.04254 -0.15269
   0.74720 -0.03894 -0.14398
   0.77679 -0.03512 -0.13614
   0.80695 -0.03108 -0.12912
   0.83769 -0.02681 -0.12285
   0.86900 -0.02230 -0.11724
   0.90089 -0.01754 -0.11220
   0.93335 -0.01251 -0.10766
   0.96639 -0.00718 -0.10350
   1.00000 -0.00154 -0.09946
