NACA71                                          
 Alfa =   0.00000 Re =    20000.000 Xflap,Yflap =     0.000000    0.000000
#    x        y        Cp  
   1.00000  0.00153 -0.09695
   0.96639  0.00713 -0.10106
   0.93335  0.01241 -0.10530
   0.90089  0.01741 -0.10994
   0.86900  0.02214 -0.11508
   0.83769  0.02662 -0.12081
   0.80695  0.03085 -0.12721
   0.77679  0.03486 -0.13437
   0.74720  0.03866 -0.14235
   0.71818  0.04223 -0.15120
   0.68974  0.04561 -0.16094
   0.66188  0.04877 -0.17151
   0.63459  0.05175 -0.18287
   0.60787  0.05452 -0.19509
   0.58173  0.05709 -0.20817
   0.55616  0.05947 -0.22204
   0.53117  0.06165 -0.23662
   0.50675  0.06364 -0.25174
   0.48291  0.06543 -0.26727
   0.45964  0.06702 -0.28306
   0.43694  0.06842 -0.29895
   0.41482  0.06962 -0.31484
   0.39328  0.07063 -0.33057
   0.37231  0.07143 -0.34604
   0.35191  0.07205 -0.36118
   0.33209  0.07247 -0.37589
   0.31284  0.07269 -0.39004
   0.29417  0.07273 -0.40359
   0.27607  0.07258 -0.41646
   0.25855  0.07224 -0.42858
   0.24160  0.07172 -0.43979
   0.22522  0.07103 -0.45014
   0.20942  0.07016 -0.45942
   0.19420  0.06912 -0.46760
   0.17955  0.06791 -0.47455
   0.16547  0.06654 -0.48020
   0.15197  0.06502 -0.48430
   0.13904  0.06335 -0.48684
   0.12669  0.06154 -0.48753
   0.11491  0.05958 -0.48625
   0.10371  0.05750 -0.48258
   0.09308  0.05529 -0.47639
   0.08302  0.05295 -0.46712
   0.07354  0.05051 -0.45422
   0.06464  0.04795 -0.43715
   0.05631  0.04530 -0.41492
   0.04855  0.04254 -0.38679
   0.04137  0.03970 -0.35074
   0.03476  0.03677 -0.30517
   0.02873  0.03376 -0.24852
   0.02327  0.03067 -0.17727
   0.01839  0.02750 -0.08853
   0.01408  0.02427  0.02107
   0.01034  0.02098  0.15426
   0.00718  0.01763  0.31154
   0.00460  0.01421  0.48806
   0.00258  0.01074  0.67187
   0.00115  0.00721  0.83812
   0.00029  0.00363  0.95696
   0.00000  0.00000  1.00002
   0.00029 -0.00363  0.95703
   0.00115 -0.00721  0.83814
   0.00258 -0.01074  0.67192
   0.00460 -0.01421  0.48804
   0.00718 -0.01763  0.31143
   0.01034 -0.02098  0.15439
   0.01408 -0.02427  0.02102
   0.01839 -0.02750 -0.08861
   0.02327 -0.03067 -0.17713
   0.02873 -0.03376 -0.24850
   0.03476 -0.03677 -0.30533
   0.04137 -0.03970 -0.35066
   0.04855 -0.04254 -0.38668
   0.05631 -0.04530 -0.41497
   0.06464 -0.04795 -0.43719
   0.07354 -0.05051 -0.45423
   0.08302 -0.05295 -0.46709
   0.09308 -0.05529 -0.47644
   0.10371 -0.05750 -0.48258
   0.11491 -0.05958 -0.48628
   0.12669 -0.06154 -0.48753
   0.13904 -0.06335 -0.48685
   0.15197 -0.06502 -0.48431
   0.16547 -0.06654 -0.48020
   0.17955 -0.06791 -0.47455
   0.19420 -0.06912 -0.46758
   0.20942 -0.07016 -0.45943
   0.22522 -0.07103 -0.45012
   0.24160 -0.07172 -0.43979
   0.25855 -0.07224 -0.42857
   0.27607 -0.07258 -0.41647
   0.29417 -0.07273 -0.40358
   0.31284 -0.07269 -0.39006
   0.33209 -0.07247 -0.37588
   0.35191 -0.07205 -0.36118
   0.37231 -0.07143 -0.34605
   0.39328 -0.07063 -0.33057
   0.41482 -0.06962 -0.31484
   0.43694 -0.06842 -0.29895
   0.45964 -0.06702 -0.28306
   0.48291 -0.06543 -0.26727
   0.50675 -0.06364 -0.25175
   0.53117 -0.06165 -0.23661
   0.55616 -0.05947 -0.22204
   0.58173 -0.05709 -0.20817
   0.60787 -0.05452 -0.19509
   0.63459 -0.05175 -0.18287
   0.66188 -0.04877 -0.17151
   0.68974 -0.04561 -0.16094
   0.71818 -0.04223 -0.15120
   0.74720 -0.03866 -0.14235
   0.77679 -0.03486 -0.13437
   0.80695 -0.03085 -0.12721
   0.83769 -0.02662 -0.12081
   0.86900 -0.02214 -0.11508
   0.90089 -0.01741 -0.10994
   0.93335 -0.01241 -0.10530
   0.96639 -0.00713 -0.10106
   1.00000 -0.00153 -0.09695
