NACA72                                          
 Alfa =   0.00000 Re =    20000.000 Xflap,Yflap =     0.000000    0.000000
#    x        y        Cp  
   1.00000  0.00152 -0.09450
   0.96639  0.00708 -0.09869
   0.93335  0.01232 -0.10301
   0.90089  0.01729 -0.10774
   0.86900  0.02198 -0.11299
   0.83769  0.02642 -0.11884
   0.80695  0.03063 -0.12537
   0.77679  0.03461 -0.13266
   0.74720  0.03837 -0.14077
   0.71818  0.04193 -0.14975
   0.68974  0.04527 -0.15961
   0.66188  0.04842 -0.17025
   0.63459  0.05137 -0.18170
   0.60787  0.05412 -0.19399
   0.58173  0.05668 -0.20712
   0.55616  0.05904 -0.22102
   0.53117  0.06121 -0.23558
   0.50675  0.06318 -0.25065
   0.48291  0.06496 -0.26610
   0.45964  0.06654 -0.28178
   0.43694  0.06792 -0.29755
   0.41482  0.06912 -0.31327
   0.39328  0.07011 -0.32886
   0.37231  0.07092 -0.34419
   0.35191  0.07152 -0.35915
   0.33209  0.07194 -0.37371
   0.31284  0.07217 -0.38770
   0.29417  0.07220 -0.40114
   0.27607  0.07205 -0.41383
   0.25855  0.07172 -0.42581
   0.24160  0.07120 -0.43698
   0.22522  0.07051 -0.44717
   0.20942  0.06965 -0.45640
   0.19420  0.06861 -0.46453
   0.17955  0.06742 -0.47138
   0.16547  0.06606 -0.47700
   0.15197  0.06455 -0.48110
   0.13904  0.06289 -0.48365
   0.12669  0.06109 -0.48439
   0.11491  0.05915 -0.48317
   0.10371  0.05708 -0.47968
   0.09308  0.05488 -0.47361
   0.08302  0.05257 -0.46450
   0.07354  0.05014 -0.45191
   0.06464  0.04761 -0.43503
   0.05631  0.04497 -0.41316
   0.04855  0.04223 -0.38541
   0.04137  0.03941 -0.34985
   0.03476  0.03650 -0.30521
   0.02873  0.03351 -0.24899
   0.02327  0.03044 -0.17842
   0.01839  0.02730 -0.09023
   0.01408  0.02410  0.01834
   0.01034  0.02083  0.15084
   0.00718  0.01750  0.30766
   0.00460  0.01411  0.48481
   0.00258  0.01066  0.66913
   0.00115  0.00716  0.83644
   0.00029  0.00361  0.95656
   0.00000  0.00000  1.00003
   0.00029 -0.00361  0.95654
   0.00115 -0.00716  0.83657
   0.00258 -0.01066  0.66927
   0.00460 -0.01411  0.48450
   0.00718 -0.01750  0.30763
   0.01034 -0.02083  0.15091
   0.01408 -0.02410  0.01836
   0.01839 -0.02730 -0.09030
   0.02327 -0.03044 -0.17841
   0.02873 -0.03351 -0.24890
   0.03476 -0.03650 -0.30531
   0.04137 -0.03941 -0.34978
   0.04855 -0.04223 -0.38530
   0.05631 -0.04497 -0.41318
   0.06464 -0.04761 -0.43508
   0.07354 -0.05014 -0.45191
   0.08302 -0.05257 -0.46450
   0.09308 -0.05488 -0.47365
   0.10371 -0.05708 -0.47968
   0.11491 -0.05915 -0.48319
   0.12669 -0.06109 -0.48440
   0.13904 -0.06289 -0.48364
   0.15197 -0.06455 -0.48110
   0.16547 -0.06606 -0.47700
   0.17955 -0.06742 -0.47139
   0.19420 -0.06861 -0.46451
   0.20942 -0.06965 -0.45640
   0.22522 -0.07051 -0.44716
   0.24160 -0.07120 -0.43696
   0.25855 -0.07172 -0.42581
   0.27607 -0.07205 -0.41384
   0.29417 -0.07220 -0.40114
   0.31284 -0.07217 -0.38771
   0.33209 -0.07194 -0.37370
   0.35191 -0.07152 -0.35915
   0.37231 -0.07092 -0.34420
   0.39328 -0.07011 -0.32886
   0.41482 -0.06912 -0.31327
   0.43694 -0.06792 -0.29756
   0.45964 -0.06654 -0.28177
   0.48291 -0.06496 -0.26610
   0.50675 -0.06318 -0.25065
   0.53117 -0.06121 -0.23558
   0.55616 -0.05904 -0.22102
   0.58173 -0.05668 -0.20712
   0.60787 -0.05412 -0.19399
   0.63459 -0.05137 -0.18170
   0.66188 -0.04842 -0.17026
   0.68974 -0.04527 -0.15961
   0.71818 -0.04193 -0.14976
   0.74720 -0.03837 -0.14077
   0.77679 -0.03461 -0.13266
   0.80695 -0.03063 -0.12537
   0.83769 -0.02642 -0.11884
   0.86900 -0.02198 -0.11299
   0.90089 -0.01729 -0.10774
   0.93335 -0.01232 -0.10301
   0.96639 -0.00708 -0.09869
   1.00000 -0.00152 -0.09450
