NACA73                                          
 Alfa =   0.00000 Re =    20000.000 Xflap,Yflap =     0.000000    0.000000
#    x        y        Cp  
   1.00000  0.00151 -0.09212
   0.96639  0.00702 -0.09637
   0.93335  0.01223 -0.10077
   0.90089  0.01716 -0.10561
   0.86900  0.02182 -0.11096
   0.83769  0.02623 -0.11692
   0.80695  0.03041 -0.12358
   0.77679  0.03436 -0.13100
   0.74720  0.03810 -0.13925
   0.71818  0.04163 -0.14836
   0.68974  0.04495 -0.15832
   0.66188  0.04807 -0.16903
   0.63459  0.05100 -0.18055
   0.60787  0.05373 -0.19291
   0.58173  0.05627 -0.20609
   0.55616  0.05861 -0.22000
   0.53117  0.06076 -0.23454
   0.50675  0.06272 -0.24956
   0.48291  0.06449 -0.26492
   0.45964  0.06606 -0.28049
   0.43694  0.06743 -0.29613
   0.41482  0.06862 -0.31172
   0.39328  0.06961 -0.32715
   0.37231  0.07040 -0.34232
   0.35191  0.07101 -0.35714
   0.33209  0.07142 -0.37152
   0.31284  0.07165 -0.38539
   0.29417  0.07168 -0.39865
   0.27607  0.07153 -0.41126
   0.25855  0.07120 -0.42312
   0.24160  0.07069 -0.43414
   0.22522  0.07000 -0.44424
   0.20942  0.06915 -0.45337
   0.19420  0.06812 -0.46143
   0.17955  0.06693 -0.46826
   0.16547  0.06559 -0.47387
   0.15197  0.06408 -0.47796
   0.13904  0.06244 -0.48051
   0.12669  0.06065 -0.48131
   0.11491  0.05872 -0.48013
   0.10371  0.05667 -0.47676
   0.09308  0.05449 -0.47072
   0.08302  0.05219 -0.46191
   0.07354  0.04978 -0.44947
   0.06464  0.04726 -0.43297
   0.05631  0.04465 -0.41159
   0.04855  0.04193 -0.38408
   0.04137  0.03913 -0.34913
   0.03476  0.03624 -0.30486
   0.02873  0.03327 -0.24942
   0.02327  0.03022 -0.17941
   0.01839  0.02711 -0.09233
   0.01408  0.02393  0.01562
   0.01034  0.02068  0.14764
   0.00718  0.01737  0.30415
   0.00460  0.01401  0.48120
   0.00258  0.01058  0.66625
   0.00115  0.00711  0.83501
   0.00029  0.00358  0.95601
   0.00000  0.00000  1.00003
   0.00029 -0.00358  0.95603
   0.00115 -0.00711  0.83504
   0.00258 -0.01058  0.66642
   0.00460 -0.01401  0.48118
   0.00718 -0.01737  0.30401
   0.01034 -0.02068  0.14763
   0.01408 -0.02393  0.01567
   0.01839 -0.02711 -0.09244
   0.02327 -0.03022 -0.17936
   0.02873 -0.03327 -0.24932
   0.03476 -0.03624 -0.30498
   0.04137 -0.03913 -0.34907
   0.04855 -0.04193 -0.38399
   0.05631 -0.04465 -0.41156
   0.06464 -0.04726 -0.43305
   0.07354 -0.04978 -0.44948
   0.08302 -0.05219 -0.46190
   0.09308 -0.05449 -0.47081
   0.10371 -0.05667 -0.47675
   0.11491 -0.05872 -0.48017
   0.12669 -0.06065 -0.48132
   0.13904 -0.06244 -0.48051
   0.15197 -0.06408 -0.47796
   0.16547 -0.06559 -0.47387
   0.17955 -0.06693 -0.46827
   0.19420 -0.06812 -0.46142
   0.20942 -0.06915 -0.45337
   0.22522 -0.07000 -0.44424
   0.24160 -0.07069 -0.43413
   0.25855 -0.07120 -0.42312
   0.27607 -0.07153 -0.41126
   0.29417 -0.07168 -0.39866
   0.31284 -0.07165 -0.38540
   0.33209 -0.07142 -0.37151
   0.35191 -0.07101 -0.35715
   0.37231 -0.07040 -0.34233
   0.39328 -0.06961 -0.32715
   0.41482 -0.06862 -0.31172
   0.43694 -0.06743 -0.29613
   0.45964 -0.06606 -0.28049
   0.48291 -0.06449 -0.26492
   0.50675 -0.06272 -0.24956
   0.53117 -0.06076 -0.23454
   0.55616 -0.05861 -0.22000
   0.58173 -0.05627 -0.20609
   0.60787 -0.05373 -0.19291
   0.63459 -0.05100 -0.18055
   0.66188 -0.04807 -0.16903
   0.68974 -0.04495 -0.15832
   0.71818 -0.04163 -0.14836
   0.74720 -0.03810 -0.13925
   0.77679 -0.03436 -0.13100
   0.80695 -0.03041 -0.12358
   0.83769 -0.02623 -0.11692
   0.86900 -0.02182 -0.11096
   0.90089 -0.01716 -0.10561
   0.93335 -0.01223 -0.10077
   0.96639 -0.00702 -0.09637
   1.00000 -0.00151 -0.09212
