NACA74                                          
 Alfa =   0.00000 Re =    20000.000 Xflap,Yflap =     0.000000    0.000000
#    x        y        Cp  
   1.00000  0.00149 -0.08979
   0.96639  0.00697 -0.09412
   0.93335  0.01215 -0.09860
   0.90089  0.01704 -0.10353
   0.86900  0.02166 -0.10899
   0.83769  0.02605 -0.11507
   0.80695  0.03019 -0.12185
   0.77679  0.03412 -0.12940
   0.74720  0.03782 -0.13778
   0.71818  0.04133 -0.14700
   0.68974  0.04463 -0.15705
   0.66188  0.04773 -0.16784
   0.63459  0.05063 -0.17944
   0.60787  0.05335 -0.19187
   0.58173  0.05587 -0.20508
   0.55616  0.05819 -0.21900
   0.53117  0.06033 -0.23351
   0.50675  0.06227 -0.24847
   0.48291  0.06403 -0.26374
   0.45964  0.06559 -0.27921
   0.43694  0.06695 -0.29472
   0.41482  0.06813 -0.31017
   0.39328  0.06911 -0.32544
   0.37231  0.06990 -0.34046
   0.35191  0.07050 -0.35513
   0.33209  0.07091 -0.36938
   0.31284  0.07113 -0.38310
   0.29417  0.07117 -0.39623
   0.27607  0.07102 -0.40869
   0.25855  0.07069 -0.42044
   0.24160  0.07018 -0.43132
   0.22522  0.06950 -0.44138
   0.20942  0.06865 -0.45042
   0.19420  0.06763 -0.45839
   0.17955  0.06645 -0.46520
   0.16547  0.06512 -0.47073
   0.15197  0.06363 -0.47484
   0.13904  0.06199 -0.47743
   0.12669  0.06022 -0.47822
   0.11491  0.05830 -0.47714
   0.10371  0.05626 -0.47391
   0.09308  0.05410 -0.46804
   0.08302  0.05182 -0.45932
   0.07354  0.04942 -0.44709
   0.06464  0.04693 -0.43091
   0.05631  0.04433 -0.40977
   0.04855  0.04163 -0.38280
   0.04137  0.03885 -0.34823
   0.03476  0.03598 -0.30449
   0.02873  0.03303 -0.24975
   0.02327  0.03001 -0.18055
   0.01839  0.02692 -0.09418
   0.01408  0.02376  0.01297
   0.01034  0.02053  0.14441
   0.00718  0.01725  0.30070
   0.00460  0.01391  0.47765
   0.00258  0.01051  0.66346
   0.00115  0.00706  0.83348
   0.00029  0.00356  0.95551
   0.00000  0.00000  1.00003
   0.00029 -0.00356  0.95550
   0.00115 -0.00706  0.83348
   0.00258 -0.01051  0.66370
   0.00460 -0.01391  0.47755
   0.00718 -0.01725  0.30056
   0.01034 -0.02053  0.14449
   0.01408 -0.02376  0.01296
   0.01839 -0.02692 -0.09418
   0.02327 -0.03001 -0.18045
   0.02873 -0.03303 -0.24975
   0.03476 -0.03598 -0.30457
   0.04137 -0.03885 -0.34821
   0.04855 -0.04163 -0.38272
   0.05631 -0.04433 -0.40977
   0.06464 -0.04693 -0.43096
   0.07354 -0.04942 -0.44711
   0.08302 -0.05182 -0.45931
   0.09308 -0.05410 -0.46808
   0.10371 -0.05626 -0.47391
   0.11491 -0.05830 -0.47718
   0.12669 -0.06022 -0.47822
   0.13904 -0.06199 -0.47743
   0.15197 -0.06363 -0.47485
   0.16547 -0.06512 -0.47071
   0.17955 -0.06645 -0.46521
   0.19420 -0.06763 -0.45837
   0.20942 -0.06865 -0.45043
   0.22522 -0.06950 -0.44138
   0.24160 -0.07018 -0.43131
   0.25855 -0.07069 -0.42044
   0.27607 -0.07102 -0.40870
   0.29417 -0.07117 -0.39624
   0.31284 -0.07113 -0.38310
   0.33209 -0.07091 -0.36938
   0.35191 -0.07050 -0.35513
   0.37231 -0.06990 -0.34047
   0.39328 -0.06911 -0.32545
   0.41482 -0.06813 -0.31017
   0.43694 -0.06695 -0.29472
   0.45964 -0.06559 -0.27921
   0.48291 -0.06403 -0.26375
   0.50675 -0.06227 -0.24847
   0.53117 -0.06033 -0.23351
   0.55616 -0.05819 -0.21900
   0.58173 -0.05587 -0.20508
   0.60787 -0.05335 -0.19187
   0.63459 -0.05063 -0.17944
   0.66188 -0.04773 -0.16785
   0.68974 -0.04463 -0.15705
   0.71818 -0.04133 -0.14701
   0.74720 -0.03782 -0.13778
   0.77679 -0.03412 -0.12941
   0.80695 -0.03019 -0.12185
   0.83769 -0.02605 -0.11507
   0.86900 -0.02166 -0.10899
   0.90089 -0.01704 -0.10353
   0.93335 -0.01215 -0.09860
   0.96639 -0.00697 -0.09412
   1.00000 -0.00149 -0.08979
