NACA75                                          
 Alfa =   0.00000 Re =    20000.000 Xflap,Yflap =     0.000000    0.000000
#    x        y        Cp  
   1.00000  0.00148 -0.08753
   0.96639  0.00692 -0.09192
   0.93335  0.01206 -0.09649
   0.90089  0.01692 -0.10151
   0.86900  0.02151 -0.10708
   0.83769  0.02586 -0.11328
   0.80695  0.02998 -0.12018
   0.77679  0.03387 -0.12786
   0.74720  0.03756 -0.13636
   0.71818  0.04103 -0.14570
   0.68974  0.04431 -0.15582
   0.66188  0.04739 -0.16669
   0.63459  0.05028 -0.17836
   0.60787  0.05297 -0.19084
   0.58173  0.05547 -0.20409
   0.55616  0.05778 -0.21801
   0.53117  0.05990 -0.23248
   0.50675  0.06183 -0.24738
   0.48291  0.06357 -0.26257
   0.45964  0.06512 -0.27792
   0.43694  0.06648 -0.29329
   0.41482  0.06764 -0.30862
   0.39328  0.06862 -0.32376
   0.37231  0.06940 -0.33862
   0.35191  0.07000 -0.35315
   0.33209  0.07041 -0.36722
   0.31284  0.07063 -0.38081
   0.29417  0.07066 -0.39379
   0.27607  0.07052 -0.40613
   0.25855  0.07019 -0.41775
   0.24160  0.06969 -0.42859
   0.22522  0.06901 -0.43850
   0.20942  0.06816 -0.44748
   0.19420  0.06715 -0.45540
   0.17955  0.06598 -0.46215
   0.16547  0.06465 -0.46762
   0.15197  0.06318 -0.47176
   0.13904  0.06155 -0.47433
   0.12669  0.05979 -0.47526
   0.11491  0.05789 -0.47416
   0.10371  0.05586 -0.47102
   0.09308  0.05372 -0.46527
   0.08302  0.05145 -0.45681
   0.07354  0.04907 -0.44477
   0.06464  0.04659 -0.42885
   0.05631  0.04401 -0.40798
   0.04855  0.04134 -0.38144
   0.04137  0.03857 -0.34737
   0.03476  0.03572 -0.30430
   0.02873  0.03280 -0.24998
   0.02327  0.02980 -0.18172
   0.01839  0.02672 -0.09602
   0.01408  0.02359  0.01054
   0.01034  0.02039  0.14117
   0.00718  0.01712  0.29703
   0.00460  0.01381  0.47424
   0.00258  0.01043  0.66076
   0.00115  0.00701  0.83184
   0.00029  0.00353  0.95507
   0.00000  0.00000  1.00003
   0.00029 -0.00353  0.95504
   0.00115 -0.00701  0.83192
   0.00258 -0.01043  0.66097
   0.00460 -0.01381  0.47402
   0.00718 -0.01712  0.29697
   0.01034 -0.02039  0.14128
   0.01408 -0.02359  0.01051
   0.01839 -0.02672 -0.09616
   0.02327 -0.02980 -0.18159
   0.02873 -0.03280 -0.24995
   0.03476 -0.03572 -0.30433
   0.04137 -0.03857 -0.34735
   0.04855 -0.04134 -0.38140
   0.05631 -0.04401 -0.40798
   0.06464 -0.04659 -0.42892
   0.07354 -0.04907 -0.44481
   0.08302 -0.05145 -0.45680
   0.09308 -0.05372 -0.46531
   0.10371 -0.05586 -0.47100
   0.11491 -0.05789 -0.47419
   0.12669 -0.05979 -0.47527
   0.13904 -0.06155 -0.47433
   0.15197 -0.06318 -0.47177
   0.16547 -0.06465 -0.46763
   0.17955 -0.06598 -0.46214
   0.19420 -0.06715 -0.45539
   0.20942 -0.06816 -0.44748
   0.22522 -0.06901 -0.43849
   0.24160 -0.06969 -0.42858
   0.25855 -0.07019 -0.41774
   0.27607 -0.07052 -0.40614
   0.29417 -0.07066 -0.39380
   0.31284 -0.07063 -0.38082
   0.33209 -0.07041 -0.36721
   0.35191 -0.07000 -0.35315
   0.37231 -0.06940 -0.33863
   0.39328 -0.06862 -0.32376
   0.41482 -0.06764 -0.30862
   0.43694 -0.06648 -0.29330
   0.45964 -0.06512 -0.27792
   0.48291 -0.06357 -0.26257
   0.50675 -0.06183 -0.24738
   0.53117 -0.05990 -0.23248
   0.55616 -0.05778 -0.21801
   0.58173 -0.05547 -0.20409
   0.60787 -0.05297 -0.19084
   0.63459 -0.05028 -0.17836
   0.66188 -0.04739 -0.16669
   0.68974 -0.04431 -0.15583
   0.71818 -0.04103 -0.14570
   0.74720 -0.03756 -0.13636
   0.77679 -0.03387 -0.12786
   0.80695 -0.02998 -0.12018
   0.83769 -0.02586 -0.11328
   0.86900 -0.02151 -0.10708
   0.90089 -0.01692 -0.10151
   0.93335 -0.01206 -0.09649
   0.96639 -0.00692 -0.09192
   1.00000 -0.00148 -0.08753
