NACA76                                          
 Alfa =   0.00000 Re =    20000.000 Xflap,Yflap =     0.000000    0.000000
#    x        y        Cp  
   1.00000  0.00147 -0.08532
   0.96639  0.00687 -0.08978
   0.93335  0.01198 -0.09443
   0.90089  0.01680 -0.09955
   0.86900  0.02136 -0.10523
   0.83769  0.02568 -0.11154
   0.80695  0.02977 -0.11856
   0.77679  0.03364 -0.12636
   0.74720  0.03729 -0.13498
   0.71818  0.04074 -0.14443
   0.68974  0.04400 -0.15463
   0.66188  0.04706 -0.16557
   0.63459  0.04992 -0.17731
   0.60787  0.05260 -0.18984
   0.58173  0.05508 -0.20311
   0.55616  0.05737 -0.21702
   0.53117  0.05948 -0.23146
   0.50675  0.06140 -0.24629
   0.48291  0.06312 -0.26139
   0.45964  0.06466 -0.27663
   0.43694  0.06601 -0.29189
   0.41482  0.06717 -0.30706
   0.39328  0.06814 -0.32206
   0.37231  0.06892 -0.33677
   0.35191  0.06951 -0.35115
   0.33209  0.06991 -0.36511
   0.31284  0.07013 -0.37854
   0.29417  0.07017 -0.39141
   0.27607  0.07002 -0.40361
   0.25855  0.06970 -0.41513
   0.24160  0.06920 -0.42584
   0.22522  0.06852 -0.43568
   0.20942  0.06768 -0.44452
   0.19420  0.06668 -0.45241
   0.17955  0.06552 -0.45915
   0.16547  0.06420 -0.46457
   0.15197  0.06273 -0.46867
   0.13904  0.06112 -0.47128
   0.12669  0.05937 -0.47222
   0.11491  0.05748 -0.47127
   0.10371  0.05547 -0.46817
   0.09308  0.05334 -0.46263
   0.08302  0.05109 -0.45424
   0.07354  0.04873 -0.44246
   0.06464  0.04626 -0.42676
   0.05631  0.04370 -0.40635
   0.04855  0.04104 -0.38016
   0.04137  0.03830 -0.34648
   0.03476  0.03547 -0.30393
   0.02873  0.03257 -0.25035
   0.02327  0.02959 -0.18269
   0.01839  0.02654 -0.09765
   0.01408  0.02342  0.00777
   0.01034  0.02024  0.13810
   0.00718  0.01700  0.29357
   0.00460  0.01371  0.47065
   0.00258  0.01036  0.65813
   0.00115  0.00696  0.83015
   0.00029  0.00350  0.95465
   0.00000  0.00000  1.00003
   0.00029 -0.00350  0.95459
   0.00115 -0.00696  0.83022
   0.00258 -0.01036  0.65812
   0.00460 -0.01371  0.47073
   0.00718 -0.01700  0.29362
   0.01034 -0.02024  0.13794
   0.01408 -0.02342  0.00778
   0.01839 -0.02654 -0.09768
   0.02327 -0.02959 -0.18256
   0.02873 -0.03257 -0.25033
   0.03476 -0.03547 -0.30407
   0.04137 -0.03830 -0.34648
   0.04855 -0.04104 -0.38005
   0.05631 -0.04370 -0.40634
   0.06464 -0.04626 -0.42683
   0.07354 -0.04873 -0.44248
   0.08302 -0.05109 -0.45421
   0.09308 -0.05334 -0.46270
   0.10371 -0.05547 -0.46815
   0.11491 -0.05748 -0.47132
   0.12669 -0.05937 -0.47222
   0.13904 -0.06112 -0.47130
   0.15197 -0.06273 -0.46869
   0.16547 -0.06420 -0.46457
   0.17955 -0.06552 -0.45915
   0.19420 -0.06668 -0.45239
   0.20942 -0.06768 -0.44452
   0.22522 -0.06852 -0.43568
   0.24160 -0.06920 -0.42583
   0.25855 -0.06970 -0.41514
   0.27607 -0.07002 -0.40362
   0.29417 -0.07017 -0.39141
   0.31284 -0.07013 -0.37855
   0.33209 -0.06991 -0.36510
   0.35191 -0.06951 -0.35116
   0.37231 -0.06892 -0.33678
   0.39328 -0.06814 -0.32206
   0.41482 -0.06717 -0.30706
   0.43694 -0.06601 -0.29189
   0.45964 -0.06466 -0.27663
   0.48291 -0.06312 -0.26140
   0.50675 -0.06140 -0.24630
   0.53117 -0.05948 -0.23146
   0.55616 -0.05737 -0.21702
   0.58173 -0.05508 -0.20311
   0.60787 -0.05260 -0.18984
   0.63459 -0.04992 -0.17731
   0.66188 -0.04706 -0.16557
   0.68974 -0.04400 -0.15463
   0.71818 -0.04074 -0.14443
   0.74720 -0.03729 -0.13498
   0.77679 -0.03364 -0.12637
   0.80695 -0.02977 -0.11856
   0.83769 -0.02568 -0.11154
   0.86900 -0.02136 -0.10523
   0.90089 -0.01680 -0.09955
   0.93335 -0.01198 -0.09444
   0.96639 -0.00687 -0.08978
   1.00000 -0.00147 -0.08532
