NACA77                                          
 Alfa =   0.00000 Re =    20000.000 Xflap,Yflap =     0.000000    0.000000
#    x        y        Cp  
   1.00000  0.00146 -0.08317
   0.96639  0.00683 -0.08770
   0.93335  0.01189 -0.09244
   0.90089  0.01668 -0.09765
   0.86900  0.02121 -0.10343
   0.83769  0.02550 -0.10985
   0.80695  0.02956 -0.11699
   0.77679  0.03340 -0.12492
   0.74720  0.03703 -0.13365
   0.71818  0.04046 -0.14319
   0.68974  0.04369 -0.15346
   0.66188  0.04673 -0.16447
   0.63459  0.04957 -0.17627
   0.60787  0.05223 -0.18885
   0.58173  0.05469 -0.20214
   0.55616  0.05697 -0.21604
   0.53117  0.05906 -0.23044
   0.50675  0.06097 -0.24520
   0.48291  0.06268 -0.26021
   0.45964  0.06421 -0.27534
   0.43694  0.06555 -0.29046
   0.41482  0.06670 -0.30552
   0.39328  0.06766 -0.32037
   0.37231  0.06843 -0.33494
   0.35191  0.06902 -0.34916
   0.33209  0.06942 -0.36299
   0.31284  0.06964 -0.37626
   0.29417  0.06967 -0.38903
   0.27607  0.06953 -0.40111
   0.25855  0.06921 -0.41252
   0.24160  0.06871 -0.42310
   0.22522  0.06804 -0.43287
   0.20942  0.06721 -0.44165
   0.19420  0.06621 -0.44947
   0.17955  0.06506 -0.45614
   0.16547  0.06375 -0.46159
   0.15197  0.06229 -0.46568
   0.13904  0.06069 -0.46826
   0.12669  0.05895 -0.46930
   0.11491  0.05708 -0.46832
   0.10371  0.05508 -0.46540
   0.09308  0.05296 -0.45989
   0.08302  0.05073 -0.45170
   0.07354  0.04839 -0.44020
   0.06464  0.04594 -0.42474
   0.05631  0.04339 -0.40459
   0.04855  0.04076 -0.37874
   0.04137  0.03803 -0.34572
   0.03476  0.03522 -0.30364
   0.02873  0.03234 -0.25058
   0.02327  0.02938 -0.18364
   0.01839  0.02635 -0.09935
   0.01408  0.02326  0.00522
   0.01034  0.02010  0.13502
   0.00718  0.01688  0.29016
   0.00460  0.01361  0.46721
   0.00258  0.01029  0.65532
   0.00115  0.00691  0.82859
   0.00029  0.00348  0.95411
   0.00000  0.00000  1.00003
   0.00029 -0.00348  0.95416
   0.00115 -0.00691  0.82860
   0.00258 -0.01029  0.65531
   0.00460 -0.01361  0.46741
   0.00718 -0.01688  0.29001
   0.01034 -0.02010  0.13490
   0.01408 -0.02326  0.00539
   0.01839 -0.02635 -0.09939
   0.02327 -0.02938 -0.18362
   0.02873 -0.03234 -0.25059
   0.03476 -0.03522 -0.30370
   0.04137 -0.03803 -0.34574
   0.04855 -0.04076 -0.37864
   0.05631 -0.04339 -0.40463
   0.06464 -0.04594 -0.42475
   0.07354 -0.04839 -0.44025
   0.08302 -0.05073 -0.45168
   0.09308 -0.05296 -0.45996
   0.10371 -0.05508 -0.46540
   0.11491 -0.05708 -0.46833
   0.12669 -0.05895 -0.46929
   0.13904 -0.06069 -0.46827
   0.15197 -0.06229 -0.46568
   0.16547 -0.06375 -0.46159
   0.17955 -0.06506 -0.45616
   0.19420 -0.06621 -0.44945
   0.20942 -0.06721 -0.44166
   0.22522 -0.06804 -0.43287
   0.24160 -0.06871 -0.42310
   0.25855 -0.06921 -0.41253
   0.27607 -0.06953 -0.40112
   0.29417 -0.06967 -0.38904
   0.31284 -0.06964 -0.37627
   0.33209 -0.06942 -0.36298
   0.35191 -0.06902 -0.34917
   0.37231 -0.06843 -0.33494
   0.39328 -0.06766 -0.32037
   0.41482 -0.06670 -0.30551
   0.43694 -0.06555 -0.29046
   0.45964 -0.06421 -0.27534
   0.48291 -0.06268 -0.26021
   0.50675 -0.06097 -0.24521
   0.53117 -0.05906 -0.23044
   0.55616 -0.05697 -0.21604
   0.58173 -0.05469 -0.20214
   0.60787 -0.05223 -0.18885
   0.63459 -0.04957 -0.17627
   0.66188 -0.04673 -0.16447
   0.68974 -0.04369 -0.15346
   0.71818 -0.04046 -0.14319
   0.74720 -0.03703 -0.13365
   0.77679 -0.03340 -0.12492
   0.80695 -0.02956 -0.11699
   0.83769 -0.02550 -0.10985
   0.86900 -0.02121 -0.10343
   0.90089 -0.01668 -0.09765
   0.93335 -0.01189 -0.09244
   0.96639 -0.00683 -0.08770
   1.00000 -0.00146 -0.08317
