NACA78                                          
 Alfa =   0.00000 Re =    20000.000 Xflap,Yflap =     0.000000    0.000000
#    x        y        Cp  
   1.00000  0.00145 -0.08107
   0.96639  0.00678 -0.08567
   0.93335  0.01181 -0.09049
   0.90089  0.01656 -0.09580
   0.86900  0.02106 -0.10168
   0.83769  0.02532 -0.10822
   0.80695  0.02935 -0.11548
   0.77679  0.03317 -0.12352
   0.74720  0.03677 -0.13236
   0.71818  0.04018 -0.14199
   0.68974  0.04339 -0.15232
   0.66188  0.04640 -0.16341
   0.63459  0.04923 -0.17527
   0.60787  0.05186 -0.18789
   0.58173  0.05431 -0.20119
   0.55616  0.05658 -0.21508
   0.53117  0.05865 -0.22943
   0.50675  0.06054 -0.24412
   0.48291  0.06225 -0.25903
   0.45964  0.06376 -0.27405
   0.43694  0.06509 -0.28906
   0.41482  0.06623 -0.30396
   0.39328  0.06719 -0.31867
   0.37231  0.06796 -0.33311
   0.35191  0.06854 -0.34720
   0.33209  0.06894 -0.36087
   0.31284  0.06916 -0.37404
   0.29417  0.06919 -0.38665
   0.27607  0.06905 -0.39863
   0.25855  0.06873 -0.40991
   0.24160  0.06823 -0.42042
   0.22522  0.06757 -0.43011
   0.20942  0.06674 -0.43881
   0.19420  0.06575 -0.44658
   0.17955  0.06460 -0.45316
   0.16547  0.06330 -0.45864
   0.15197  0.06186 -0.46268
   0.13904  0.06027 -0.46531
   0.12669  0.05854 -0.46637
   0.11491  0.05668 -0.46549
   0.10371  0.05470 -0.46260
   0.09308  0.05260 -0.45727
   0.08302  0.05038 -0.44930
   0.07354  0.04805 -0.43795
   0.06464  0.04562 -0.42269
   0.05631  0.04309 -0.40286
   0.04855  0.04047 -0.37744
   0.04137  0.03777 -0.34471
   0.03476  0.03498 -0.30335
   0.02873  0.03211 -0.25085
   0.02327  0.02917 -0.18459
   0.01839  0.02617 -0.10109
   0.01408  0.02309  0.00316
   0.01034  0.01996  0.13186
   0.00718  0.01677  0.28652
   0.00460  0.01352  0.46395
   0.00258  0.01022  0.65246
   0.00115  0.00686  0.82696
   0.00029  0.00346  0.95374
   0.00000  0.00000  1.00002
   0.00029 -0.00346  0.95383
   0.00115 -0.00686  0.82698
   0.00258 -0.01022  0.65259
   0.00460 -0.01352  0.46389
   0.00718 -0.01677  0.28638
   0.01034 -0.01996  0.13196
   0.01408 -0.02309  0.00305
   0.01839 -0.02617 -0.10117
   0.02327 -0.02917 -0.18450
   0.02873 -0.03211 -0.25088
   0.03476 -0.03498 -0.30342
   0.04137 -0.03777 -0.34465
   0.04855 -0.04047 -0.37735
   0.05631 -0.04309 -0.40285
   0.06464 -0.04562 -0.42276
   0.07354 -0.04805 -0.43796
   0.08302 -0.05038 -0.44926
   0.09308 -0.05260 -0.45733
   0.10371 -0.05470 -0.46259
   0.11491 -0.05668 -0.46554
   0.12669 -0.05854 -0.46636
   0.13904 -0.06027 -0.46531
   0.15197 -0.06186 -0.46268
   0.16547 -0.06330 -0.45864
   0.17955 -0.06460 -0.45317
   0.19420 -0.06575 -0.44656
   0.20942 -0.06674 -0.43881
   0.22522 -0.06757 -0.43012
   0.24160 -0.06823 -0.42042
   0.25855 -0.06873 -0.40992
   0.27607 -0.06905 -0.39864
   0.29417 -0.06919 -0.38666
   0.31284 -0.06916 -0.37405
   0.33209 -0.06894 -0.36087
   0.35191 -0.06854 -0.34720
   0.37231 -0.06796 -0.33312
   0.39328 -0.06719 -0.31867
   0.41482 -0.06623 -0.30397
   0.43694 -0.06509 -0.28906
   0.45964 -0.06376 -0.27404
   0.48291 -0.06225 -0.25903
   0.50675 -0.06054 -0.24412
   0.53117 -0.05865 -0.22943
   0.55616 -0.05658 -0.21508
   0.58173 -0.05431 -0.20119
   0.60787 -0.05186 -0.18789
   0.63459 -0.04923 -0.17527
   0.66188 -0.04640 -0.16341
   0.68974 -0.04339 -0.15232
   0.71818 -0.04018 -0.14199
   0.74720 -0.03677 -0.13236
   0.77679 -0.03317 -0.12352
   0.80695 -0.02935 -0.11548
   0.83769 -0.02532 -0.10822
   0.86900 -0.02106 -0.10168
   0.90089 -0.01656 -0.09580
   0.93335 -0.01181 -0.09049
   0.96639 -0.00678 -0.08567
   1.00000 -0.00145 -0.08107
