NACA79                                          
 Alfa =   0.00000 Re =    20000.000 Xflap,Yflap =     0.000000    0.000000
#    x        y        Cp  
   1.00000  0.00144 -0.07903
   0.96639  0.00673 -0.08370
   0.93335  0.01173 -0.08860
   0.90089  0.01645 -0.09400
   0.86900  0.02092 -0.09999
   0.83769  0.02515 -0.10663
   0.80695  0.02915 -0.11401
   0.77679  0.03294 -0.12216
   0.74720  0.03652 -0.13111
   0.71818  0.03990 -0.14081
   0.68974  0.04309 -0.15121
   0.66188  0.04608 -0.16236
   0.63459  0.04889 -0.17428
   0.60787  0.05150 -0.18694
   0.58173  0.05394 -0.20025
   0.55616  0.05618 -0.21411
   0.53117  0.05825 -0.22842
   0.50675  0.06012 -0.24304
   0.48291  0.06182 -0.25785
   0.45964  0.06332 -0.27276
   0.43694  0.06464 -0.28764
   0.41482  0.06577 -0.30241
   0.39328  0.06672 -0.31699
   0.37231  0.06749 -0.33130
   0.35191  0.06807 -0.34524
   0.33209  0.06846 -0.35878
   0.31284  0.06868 -0.37184
   0.29417  0.06871 -0.38430
   0.27607  0.06857 -0.39616
   0.25855  0.06825 -0.40737
   0.24160  0.06776 -0.41777
   0.22522  0.06710 -0.42735
   0.20942  0.06628 -0.43600
   0.19420  0.06530 -0.44369
   0.17955  0.06416 -0.45024
   0.16547  0.06287 -0.45565
   0.15197  0.06143 -0.45976
   0.13904  0.05985 -0.46237
   0.12669  0.05814 -0.46339
   0.11491  0.05629 -0.46264
   0.10371  0.05432 -0.45985
   0.09308  0.05223 -0.45468
   0.08302  0.05003 -0.44681
   0.07354  0.04772 -0.43566
   0.06464  0.04530 -0.42076
   0.05631  0.04279 -0.40123
   0.04855  0.04019 -0.37599
   0.04137  0.03751 -0.34378
   0.03476  0.03474 -0.30291
   0.02873  0.03189 -0.25112
   0.02327  0.02897 -0.18555
   0.01839  0.02599 -0.10265
   0.01408  0.02293  0.00071
   0.01034  0.01982  0.12888
   0.00718  0.01665  0.28308
   0.00460  0.01343  0.46054
   0.00258  0.01015  0.64984
   0.00115  0.00681  0.82532
   0.00029  0.00343  0.95319
   0.00000  0.00000  1.00003
   0.00029 -0.00343  0.95327
   0.00115 -0.00681  0.82530
   0.00258 -0.01015  0.64991
   0.00460 -0.01343  0.46049
   0.00718 -0.01665  0.28302
   0.01034 -0.01982  0.12889
   0.01408 -0.02293  0.00070
   0.01839 -0.02599 -0.10272
   0.02327 -0.02897 -0.18545
   0.02873 -0.03189 -0.25107
   0.03476 -0.03474 -0.30297
   0.04137 -0.03751 -0.34376
   0.04855 -0.04019 -0.37594
   0.05631 -0.04279 -0.40120
   0.06464 -0.04530 -0.42080
   0.07354 -0.04772 -0.43570
   0.08302 -0.05003 -0.44680
   0.09308 -0.05223 -0.45473
   0.10371 -0.05432 -0.45983
   0.11491 -0.05629 -0.46268
   0.12669 -0.05814 -0.46339
   0.13904 -0.05985 -0.46238
   0.15197 -0.06143 -0.45977
   0.16547 -0.06287 -0.45565
   0.17955 -0.06416 -0.45024
   0.19420 -0.06530 -0.44368
   0.20942 -0.06628 -0.43600
   0.22522 -0.06710 -0.42735
   0.24160 -0.06776 -0.41776
   0.25855 -0.06825 -0.40737
   0.27607 -0.06857 -0.39617
   0.29417 -0.06871 -0.38430
   0.31284 -0.06868 -0.37185
   0.33209 -0.06846 -0.35877
   0.35191 -0.06807 -0.34525
   0.37231 -0.06749 -0.33130
   0.39328 -0.06672 -0.31699
   0.41482 -0.06577 -0.30241
   0.43694 -0.06464 -0.28764
   0.45964 -0.06332 -0.27275
   0.48291 -0.06182 -0.25785
   0.50675 -0.06012 -0.24304
   0.53117 -0.05825 -0.22842
   0.55616 -0.05618 -0.21411
   0.58173 -0.05394 -0.20025
   0.60787 -0.05150 -0.18694
   0.63459 -0.04889 -0.17428
   0.66188 -0.04608 -0.16237
   0.68974 -0.04309 -0.15121
   0.71818 -0.03990 -0.14081
   0.74720 -0.03652 -0.13111
   0.77679 -0.03294 -0.12216
   0.80695 -0.02915 -0.11401
   0.83769 -0.02515 -0.10664
   0.86900 -0.02092 -0.09999
   0.90089 -0.01645 -0.09400
   0.93335 -0.01173 -0.08860
   0.96639 -0.00673 -0.08370
   1.00000 -0.00144 -0.07903
