NACA8                                           
 Alfa =   0.00000 Re =    20000.000 Xflap,Yflap =     0.000000    0.000000
#    x        y        Cp  
   1.00000  0.00283 -0.39587
   0.96639  0.01321 -0.39686
   0.93335  0.02301 -0.39756
   0.90089  0.03227 -0.39823
   0.86900  0.04104 -0.39886
   0.83769  0.04933 -0.39947
   0.80695  0.05719 -0.40008
   0.77679  0.06462 -0.40069
   0.74720  0.07165 -0.40132
   0.71818  0.07828 -0.40199
   0.68974  0.08453 -0.40270
   0.66188  0.09041 -0.40350
   0.63459  0.09591 -0.40441
   0.60787  0.10105 -0.40547
   0.58173  0.10582 -0.40675
   0.55616  0.11023 -0.40831
   0.53117  0.11428 -0.41027
   0.50675  0.11796 -0.41275
   0.48291  0.12128 -0.41592
   0.45964  0.12423 -0.42002
   0.43694  0.12682 -0.42534
   0.41482  0.12904 -0.43225
   0.39328  0.13091 -0.44122
   0.37231  0.13240 -0.45286
   0.35191  0.13354 -0.46783
   0.33209  0.13432 -0.48665
   0.31284  0.13474 -0.50922
   0.29417  0.13481 -0.53553
   0.27607  0.13453 -0.56551
   0.25855  0.13390 -0.59781
   0.24160  0.13294 -0.63044
   0.22522  0.13165 -0.66153
   0.20942  0.13004 -0.68956
   0.19420  0.12811 -0.71343
   0.17955  0.12587 -0.73222
   0.16547  0.12334 -0.74560
   0.15197  0.12052 -0.75281
   0.13904  0.11742 -0.75368
   0.12669  0.11406 -0.74765
   0.11491  0.11044 -0.73427
   0.10371  0.10657 -0.71304
   0.09308  0.10247 -0.68339
   0.08302  0.09815 -0.64492
   0.07354  0.09362 -0.59676
   0.06464  0.08888 -0.53796
   0.05631  0.08396 -0.46873
   0.04855  0.07886 -0.38771
   0.04137  0.07358 -0.29483
   0.03476  0.06815 -0.18984
   0.02873  0.06256 -0.07319
   0.02327  0.05684  0.05423
   0.01839  0.05098  0.19036
   0.01408  0.04499  0.33173
   0.01034  0.03889  0.47481
   0.00718  0.03267  0.61276
   0.00460  0.02634  0.73921
   0.00258  0.01991  0.84750
   0.00115  0.01337  0.93018
   0.00029  0.00673  0.98226
   0.00000  0.00000  1.00003
   0.00029 -0.00673  0.98225
   0.00115 -0.01337  0.93021
   0.00258 -0.01991  0.84744
   0.00460 -0.02634  0.73930
   0.00718 -0.03267  0.61275
   0.01034 -0.03889  0.47465
   0.01408 -0.04499  0.33183
   0.01839 -0.05098  0.19024
   0.02327 -0.05684  0.05428
   0.02873 -0.06256 -0.07300
   0.03476 -0.06815 -0.18987
   0.04137 -0.07358 -0.29486
   0.04855 -0.07886 -0.38771
   0.05631 -0.08396 -0.46866
   0.06464 -0.08888 -0.53812
   0.07354 -0.09362 -0.59676
   0.08302 -0.09815 -0.64491
   0.09308 -0.10247 -0.68347
   0.10371 -0.10657 -0.71301
   0.11491 -0.11044 -0.73432
   0.12669 -0.11406 -0.74770
   0.13904 -0.11742 -0.75368
   0.15197 -0.12052 -0.75284
   0.16547 -0.12334 -0.74558
   0.17955 -0.12587 -0.73224
   0.19420 -0.12811 -0.71342
   0.20942 -0.13004 -0.68956
   0.22522 -0.13165 -0.66154
   0.24160 -0.13294 -0.63044
   0.25855 -0.13390 -0.59782
   0.27607 -0.13453 -0.56551
   0.29417 -0.13481 -0.53553
   0.31284 -0.13474 -0.50922
   0.33209 -0.13432 -0.48665
   0.35191 -0.13354 -0.46783
   0.37231 -0.13240 -0.45286
   0.39328 -0.13091 -0.44122
   0.41482 -0.12904 -0.43225
   0.43694 -0.12682 -0.42534
   0.45964 -0.12423 -0.42002
   0.48291 -0.12128 -0.41592
   0.50675 -0.11796 -0.41275
   0.53117 -0.11428 -0.41027
   0.55616 -0.11023 -0.40831
   0.58173 -0.10582 -0.40675
   0.60787 -0.10105 -0.40547
   0.63459 -0.09591 -0.40441
   0.66188 -0.09041 -0.40350
   0.68974 -0.08453 -0.40270
   0.71818 -0.07828 -0.40199
   0.74720 -0.07165 -0.40132
   0.77679 -0.06462 -0.40069
   0.80695 -0.05719 -0.40008
   0.83769 -0.04933 -0.39947
   0.86900 -0.04104 -0.39886
   0.90089 -0.03227 -0.39823
   0.93335 -0.02301 -0.39756
   0.96639 -0.01321 -0.39686
   1.00000 -0.00283 -0.39587
