NACA80                                          
 Alfa =   0.00000 Re =    20000.000 Xflap,Yflap =     0.000000    0.000000
#    x        y        Cp  
   1.00000  0.00143 -0.07703
   0.96639  0.00669 -0.08178
   0.93335  0.01165 -0.08677
   0.90089  0.01634 -0.09226
   0.86900  0.02077 -0.09835
   0.83769  0.02497 -0.10510
   0.80695  0.02895 -0.11259
   0.77679  0.03271 -0.12085
   0.74720  0.03627 -0.12990
   0.71818  0.03963 -0.13967
   0.68974  0.04279 -0.15014
   0.66188  0.04577 -0.16135
   0.63459  0.04855 -0.17332
   0.60787  0.05115 -0.18601
   0.58173  0.05357 -0.19932
   0.55616  0.05580 -0.21316
   0.53117  0.05785 -0.22741
   0.50675  0.05971 -0.24195
   0.48291  0.06139 -0.25667
   0.45964  0.06289 -0.27146
   0.43694  0.06420 -0.28623
   0.41482  0.06532 -0.30087
   0.39328  0.06627 -0.31531
   0.37231  0.06702 -0.32949
   0.35191  0.06760 -0.34329
   0.33209  0.06799 -0.35672
   0.31284  0.06821 -0.36963
   0.29417  0.06824 -0.38198
   0.27607  0.06810 -0.39373
   0.25855  0.06778 -0.40482
   0.24160  0.06730 -0.41513
   0.22522  0.06664 -0.42463
   0.20942  0.06583 -0.43324
   0.19420  0.06485 -0.44085
   0.17955  0.06372 -0.44736
   0.16547  0.06244 -0.45273
   0.15197  0.06101 -0.45687
   0.13904  0.05944 -0.45948
   0.12669  0.05774 -0.46055
   0.11491  0.05590 -0.45979
   0.10371  0.05395 -0.45709
   0.09308  0.05187 -0.45201
   0.08302  0.04969 -0.44442
   0.07354  0.04739 -0.43345
   0.06464  0.04499 -0.41868
   0.05631  0.04250 -0.39948
   0.04855  0.03992 -0.37477
   0.04137  0.03725 -0.34291
   0.03476  0.03450 -0.30254
   0.02873  0.03167 -0.25136
   0.02327  0.02877 -0.18629
   0.01839  0.02581 -0.10433
   0.01408  0.02278 -0.00165
   0.01034  0.01969  0.12596
   0.00718  0.01654  0.27970
   0.00460  0.01333  0.45704
   0.00258  0.01008  0.64712
   0.00115  0.00677  0.82371
   0.00029  0.00341  0.95271
   0.00000  0.00000  1.00003
   0.00029 -0.00341  0.95274
   0.00115 -0.00677  0.82383
   0.00258 -0.01008  0.64705
   0.00460 -0.01333  0.45715
   0.00718 -0.01654  0.27963
   0.01034 -0.01969  0.12589
   0.01408 -0.02278 -0.00156
   0.01839 -0.02581 -0.10442
   0.02327 -0.02877 -0.18631
   0.02873 -0.03167 -0.25134
   0.03476 -0.03450 -0.30260
   0.04137 -0.03725 -0.34284
   0.04855 -0.03992 -0.37473
   0.05631 -0.04250 -0.39948
   0.06464 -0.04499 -0.41873
   0.07354 -0.04739 -0.43346
   0.08302 -0.04969 -0.44439
   0.09308 -0.05187 -0.45207
   0.10371 -0.05395 -0.45708
   0.11491 -0.05590 -0.45981
   0.12669 -0.05774 -0.46056
   0.13904 -0.05944 -0.45949
   0.15197 -0.06101 -0.45685
   0.16547 -0.06244 -0.45274
   0.17955 -0.06372 -0.44736
   0.19420 -0.06485 -0.44083
   0.20942 -0.06583 -0.43324
   0.22522 -0.06664 -0.42463
   0.24160 -0.06730 -0.41511
   0.25855 -0.06778 -0.40483
   0.27607 -0.06810 -0.39373
   0.29417 -0.06824 -0.38199
   0.31284 -0.06821 -0.36964
   0.33209 -0.06799 -0.35671
   0.35191 -0.06760 -0.34329
   0.37231 -0.06702 -0.32949
   0.39328 -0.06627 -0.31530
   0.41482 -0.06532 -0.30086
   0.43694 -0.06420 -0.28623
   0.45964 -0.06289 -0.27146
   0.48291 -0.06139 -0.25667
   0.50675 -0.05971 -0.24196
   0.53117 -0.05785 -0.22741
   0.55616 -0.05580 -0.21316
   0.58173 -0.05357 -0.19932
   0.60787 -0.05115 -0.18601
   0.63459 -0.04855 -0.17332
   0.66188 -0.04577 -0.16135
   0.68974 -0.04279 -0.15014
   0.71818 -0.03963 -0.13967
   0.74720 -0.03627 -0.12990
   0.77679 -0.03271 -0.12085
   0.80695 -0.02895 -0.11259
   0.83769 -0.02497 -0.10510
   0.86900 -0.02077 -0.09835
   0.90089 -0.01634 -0.09226
   0.93335 -0.01165 -0.08677
   0.96639 -0.00669 -0.08178
   1.00000 -0.00143 -0.07703
