NACA81                                          
 Alfa =   0.00000 Re =    20000.000 Xflap,Yflap =     0.000000    0.000000
#    x        y        Cp  
   1.00000  0.00142 -0.07510
   0.96639  0.00664 -0.07991
   0.93335  0.01157 -0.08498
   0.90089  0.01623 -0.09057
   0.86900  0.02063 -0.09675
   0.83769  0.02480 -0.10362
   0.80695  0.02875 -0.11121
   0.77679  0.03249 -0.11957
   0.74720  0.03602 -0.12872
   0.71818  0.03936 -0.13855
   0.68974  0.04250 -0.14908
   0.66188  0.04545 -0.16036
   0.63459  0.04822 -0.17238
   0.60787  0.05080 -0.18508
   0.58173  0.05320 -0.19839
   0.55616  0.05542 -0.21221
   0.53117  0.05745 -0.22640
   0.50675  0.05931 -0.24087
   0.48291  0.06097 -0.25549
   0.45964  0.06246 -0.27018
   0.43694  0.06376 -0.28482
   0.41482  0.06488 -0.29932
   0.39328  0.06582 -0.31365
   0.37231  0.06657 -0.32767
   0.35191  0.06714 -0.34137
   0.33209  0.06753 -0.35465
   0.31284  0.06774 -0.36743
   0.29417  0.06778 -0.37968
   0.27607  0.06763 -0.39132
   0.25855  0.06732 -0.40230
   0.24160  0.06684 -0.41254
   0.22522  0.06619 -0.42194
   0.20942  0.06538 -0.43045
   0.19420  0.06441 -0.43802
   0.17955  0.06328 -0.44451
   0.16547  0.06201 -0.44989
   0.15197  0.06059 -0.45394
   0.13904  0.05904 -0.45661
   0.12669  0.05734 -0.45767
   0.11491  0.05552 -0.45701
   0.10371  0.05358 -0.45442
   0.09308  0.05152 -0.44944
   0.08302  0.04935 -0.44192
   0.07354  0.04707 -0.43124
   0.06464  0.04469 -0.41677
   0.05631  0.04221 -0.39782
   0.04855  0.03965 -0.37340
   0.04137  0.03699 -0.34195
   0.03476  0.03426 -0.30213
   0.02873  0.03146 -0.25153
   0.02327  0.02858 -0.18710
   0.01839  0.02563 -0.10587
   0.01408  0.02262 -0.00403
   0.01034  0.01955  0.12293
   0.00718  0.01643  0.27633
   0.00460  0.01324  0.45376
   0.00258  0.01001  0.64444
   0.00115  0.00672  0.82213
   0.00029  0.00339  0.95210
   0.00000  0.00000  1.00003
   0.00029 -0.00339  0.95212
   0.00115 -0.00672  0.82221
   0.00258 -0.01001  0.64437
   0.00460 -0.01324  0.45378
   0.00718 -0.01643  0.27635
   0.01034 -0.01955  0.12282
   0.01408 -0.02262 -0.00395
   0.01839 -0.02563 -0.10592
   0.02327 -0.02858 -0.18712
   0.02873 -0.03146 -0.25150
   0.03476 -0.03426 -0.30218
   0.04137 -0.03699 -0.34192
   0.04855 -0.03965 -0.37331
   0.05631 -0.04221 -0.39782
   0.06464 -0.04469 -0.41682
   0.07354 -0.04707 -0.43126
   0.08302 -0.04935 -0.44189
   0.09308 -0.05152 -0.44950
   0.10371 -0.05358 -0.45442
   0.11491 -0.05552 -0.45705
   0.12669 -0.05734 -0.45766
   0.13904 -0.05904 -0.45661
   0.15197 -0.06059 -0.45394
   0.16547 -0.06201 -0.44987
   0.17955 -0.06328 -0.44452
   0.19420 -0.06441 -0.43801
   0.20942 -0.06538 -0.43045
   0.22522 -0.06619 -0.42194
   0.24160 -0.06684 -0.41252
   0.25855 -0.06732 -0.40230
   0.27607 -0.06763 -0.39132
   0.29417 -0.06778 -0.37968
   0.31284 -0.06774 -0.36743
   0.33209 -0.06753 -0.35465
   0.35191 -0.06714 -0.34138
   0.37231 -0.06657 -0.32767
   0.39328 -0.06582 -0.31364
   0.41482 -0.06488 -0.29932
   0.43694 -0.06376 -0.28482
   0.45964 -0.06246 -0.27017
   0.48291 -0.06097 -0.25549
   0.50675 -0.05931 -0.24087
   0.53117 -0.05745 -0.22640
   0.55616 -0.05542 -0.21221
   0.58173 -0.05320 -0.19840
   0.60787 -0.05080 -0.18508
   0.63459 -0.04822 -0.17238
   0.66188 -0.04545 -0.16036
   0.68974 -0.04250 -0.14908
   0.71818 -0.03936 -0.13855
   0.74720 -0.03602 -0.12872
   0.77679 -0.03249 -0.11958
   0.80695 -0.02875 -0.11121
   0.83769 -0.02480 -0.10362
   0.86900 -0.02063 -0.09675
   0.90089 -0.01623 -0.09057
   0.93335 -0.01157 -0.08498
   0.96639 -0.00664 -0.07991
   1.00000 -0.00142 -0.07510
