NACA82                                          
 Alfa =   0.00000 Re =    20000.000 Xflap,Yflap =     0.000000    0.000000
#    x        y        Cp  
   1.00000  0.00141 -0.07322
   0.96639  0.00660 -0.07809
   0.93335  0.01149 -0.08325
   0.90089  0.01612 -0.08892
   0.86900  0.02049 -0.09521
   0.83769  0.02464 -0.10217
   0.80695  0.02856 -0.10987
   0.77679  0.03227 -0.11834
   0.74720  0.03578 -0.12756
   0.71818  0.03909 -0.13746
   0.68974  0.04221 -0.14805
   0.66188  0.04515 -0.15939
   0.63459  0.04789 -0.17145
   0.60787  0.05046 -0.18417
   0.58173  0.05284 -0.19747
   0.55616  0.05505 -0.21126
   0.53117  0.05706 -0.22539
   0.50675  0.05890 -0.23978
   0.48291  0.06056 -0.25431
   0.45964  0.06204 -0.26888
   0.43694  0.06333 -0.28339
   0.41482  0.06444 -0.29779
   0.39328  0.06537 -0.31198
   0.37231  0.06612 -0.32588
   0.35191  0.06669 -0.33945
   0.33209  0.06707 -0.35260
   0.31284  0.06728 -0.36526
   0.29417  0.06732 -0.37740
   0.27607  0.06718 -0.38893
   0.25855  0.06687 -0.39978
   0.24160  0.06639 -0.40996
   0.22522  0.06574 -0.41926
   0.20942  0.06494 -0.42773
   0.19420  0.06397 -0.43526
   0.17955  0.06286 -0.44168
   0.16547  0.06159 -0.44698
   0.15197  0.06018 -0.45107
   0.13904  0.05864 -0.45373
   0.12669  0.05696 -0.45487
   0.11491  0.05515 -0.45434
   0.10371  0.05322 -0.45178
   0.09308  0.05117 -0.44692
   0.08302  0.04901 -0.43946
   0.07354  0.04675 -0.42895
   0.06464  0.04439 -0.41471
   0.05631  0.04193 -0.39612
   0.04855  0.03938 -0.37201
   0.04137  0.03674 -0.34109
   0.03476  0.03403 -0.30169
   0.02873  0.03124 -0.25165
   0.02327  0.02838 -0.18805
   0.01839  0.02546 -0.10743
   0.01408  0.02247 -0.00620
   0.01034  0.01942  0.11997
   0.00718  0.01631  0.27304
   0.00460  0.01315  0.45054
   0.00258  0.00994  0.64164
   0.00115  0.00668  0.82048
   0.00029  0.00336  0.95179
   0.00000  0.00000  1.00003
   0.00029 -0.00336  0.95174
   0.00115 -0.00668  0.82047
   0.00258 -0.00994  0.64179
   0.00460 -0.01315  0.45055
   0.00718 -0.01631  0.27294
   0.01034 -0.01942  0.12003
   0.01408 -0.02247 -0.00624
   0.01839 -0.02546 -0.10755
   0.02327 -0.02838 -0.18798
   0.02873 -0.03124 -0.25164
   0.03476 -0.03403 -0.30172
   0.04137 -0.03674 -0.34110
   0.04855 -0.03938 -0.37194
   0.05631 -0.04193 -0.39610
   0.06464 -0.04439 -0.41477
   0.07354 -0.04675 -0.42895
   0.08302 -0.04901 -0.43943
   0.09308 -0.05117 -0.44698
   0.10371 -0.05322 -0.45178
   0.11491 -0.05515 -0.45437
   0.12669 -0.05696 -0.45488
   0.13904 -0.05864 -0.45373
   0.15197 -0.06018 -0.45109
   0.16547 -0.06159 -0.44698
   0.17955 -0.06286 -0.44169
   0.19420 -0.06397 -0.43524
   0.20942 -0.06494 -0.42774
   0.22522 -0.06574 -0.41927
   0.24160 -0.06639 -0.40995
   0.25855 -0.06687 -0.39979
   0.27607 -0.06718 -0.38893
   0.29417 -0.06732 -0.37741
   0.31284 -0.06728 -0.36527
   0.33209 -0.06707 -0.35259
   0.35191 -0.06669 -0.33946
   0.37231 -0.06612 -0.32588
   0.39328 -0.06537 -0.31198
   0.41482 -0.06444 -0.29778
   0.43694 -0.06333 -0.28340
   0.45964 -0.06204 -0.26887
   0.48291 -0.06056 -0.25431
   0.50675 -0.05890 -0.23978
   0.53117 -0.05706 -0.22539
   0.55616 -0.05505 -0.21126
   0.58173 -0.05284 -0.19748
   0.60787 -0.05046 -0.18418
   0.63459 -0.04789 -0.17145
   0.66188 -0.04515 -0.15939
   0.68974 -0.04221 -0.14806
   0.71818 -0.03909 -0.13746
   0.74720 -0.03578 -0.12756
   0.77679 -0.03227 -0.11834
   0.80695 -0.02856 -0.10988
   0.83769 -0.02464 -0.10218
   0.86900 -0.02049 -0.09521
   0.90089 -0.01612 -0.08892
   0.93335 -0.01149 -0.08325
   0.96639 -0.00660 -0.07809
   1.00000 -0.00141 -0.07322
