NACA83                                          
 Alfa =   0.00000 Re =    20000.000 Xflap,Yflap =     0.000000    0.000000
#    x        y        Cp  
   1.00000  0.00140 -0.07137
   0.96639  0.00655 -0.07632
   0.93335  0.01141 -0.08156
   0.90089  0.01601 -0.08733
   0.86900  0.02035 -0.09371
   0.83769  0.02447 -0.10078
   0.80695  0.02837 -0.10858
   0.77679  0.03205 -0.11714
   0.74720  0.03554 -0.12644
   0.71818  0.03883 -0.13640
   0.68974  0.04193 -0.14706
   0.66188  0.04484 -0.15845
   0.63459  0.04757 -0.17055
   0.60787  0.05012 -0.18329
   0.58173  0.05249 -0.19658
   0.55616  0.05468 -0.21032
   0.53117  0.05668 -0.22439
   0.50675  0.05851 -0.23870
   0.48291  0.06015 -0.25313
   0.45964  0.06162 -0.26760
   0.43694  0.06290 -0.28200
   0.41482  0.06401 -0.29626
   0.39328  0.06493 -0.31033
   0.37231  0.06567 -0.32410
   0.35191  0.06624 -0.33752
   0.33209  0.06662 -0.35057
   0.31284  0.06683 -0.36312
   0.29417  0.06686 -0.37512
   0.27607  0.06673 -0.38655
   0.25855  0.06642 -0.39734
   0.24160  0.06594 -0.40741
   0.22522  0.06530 -0.41663
   0.20942  0.06450 -0.42506
   0.19420  0.06354 -0.43251
   0.17955  0.06243 -0.43891
   0.16547  0.06118 -0.44422
   0.15197  0.05978 -0.44826
   0.13904  0.05824 -0.45090
   0.12669  0.05657 -0.45214
   0.11491  0.05478 -0.45154
   0.10371  0.05286 -0.44912
   0.09308  0.05083 -0.44441
   0.08302  0.04868 -0.43711
   0.07354  0.04643 -0.42676
   0.06464  0.04409 -0.41280
   0.05631  0.04164 -0.39441
   0.04855  0.03911 -0.37075
   0.04137  0.03650 -0.34014
   0.03476  0.03380 -0.30121
   0.02873  0.03103 -0.25181
   0.02327  0.02819 -0.18874
   0.01839  0.02529 -0.10904
   0.01408  0.02232 -0.00850
   0.01034  0.01929  0.11740
   0.00718  0.01620  0.26978
   0.00460  0.01307  0.44700
   0.00258  0.00987  0.63907
   0.00115  0.00663  0.81889
   0.00029  0.00334  0.95121
   0.00000  0.00000  1.00003
   0.00029 -0.00334  0.95131
   0.00115 -0.00663  0.81892
   0.00258 -0.00987  0.63898
   0.00460 -0.01307  0.44723
   0.00718 -0.01620  0.26960
   0.01034 -0.01929  0.11724
   0.01408 -0.02232 -0.00840
   0.01839 -0.02529 -0.10912
   0.02327 -0.02819 -0.18878
   0.02873 -0.03103 -0.25176
   0.03476 -0.03380 -0.30123
   0.04137 -0.03650 -0.34012
   0.04855 -0.03911 -0.37067
   0.05631 -0.04164 -0.39438
   0.06464 -0.04409 -0.41286
   0.07354 -0.04643 -0.42678
   0.08302 -0.04868 -0.43709
   0.09308 -0.05083 -0.44445
   0.10371 -0.05286 -0.44911
   0.11491 -0.05478 -0.45159
   0.12669 -0.05657 -0.45214
   0.13904 -0.05824 -0.45091
   0.15197 -0.05978 -0.44827
   0.16547 -0.06118 -0.44421
   0.17955 -0.06243 -0.43892
   0.19420 -0.06354 -0.43249
   0.20942 -0.06450 -0.42507
   0.22522 -0.06530 -0.41662
   0.24160 -0.06594 -0.40740
   0.25855 -0.06642 -0.39734
   0.27607 -0.06673 -0.38656
   0.29417 -0.06686 -0.37512
   0.31284 -0.06683 -0.36313
   0.33209 -0.06662 -0.35056
   0.35191 -0.06624 -0.33752
   0.37231 -0.06567 -0.32411
   0.39328 -0.06493 -0.31032
   0.41482 -0.06401 -0.29626
   0.43694 -0.06290 -0.28201
   0.45964 -0.06162 -0.26759
   0.48291 -0.06015 -0.25314
   0.50675 -0.05851 -0.23870
   0.53117 -0.05668 -0.22439
   0.55616 -0.05468 -0.21032
   0.58173 -0.05249 -0.19658
   0.60787 -0.05012 -0.18329
   0.63459 -0.04757 -0.17055
   0.66188 -0.04484 -0.15845
   0.68974 -0.04193 -0.14706
   0.71818 -0.03883 -0.13640
   0.74720 -0.03554 -0.12645
   0.77679 -0.03205 -0.11715
   0.80695 -0.02837 -0.10858
   0.83769 -0.02447 -0.10078
   0.86900 -0.02035 -0.09371
   0.90089 -0.01601 -0.08733
   0.93335 -0.01141 -0.08156
   0.96639 -0.00655 -0.07632
   1.00000 -0.00140 -0.07137
