NACA84                                          
 Alfa =   0.00000 Re =    20000.000 Xflap,Yflap =     0.000000    0.000000
#    x        y        Cp  
   1.00000  0.00140 -0.06958
   0.96639  0.00651 -0.07460
   0.93335  0.01134 -0.07992
   0.90089  0.01590 -0.08578
   0.86900  0.02022 -0.09226
   0.83769  0.02431 -0.09943
   0.80695  0.02818 -0.10733
   0.77679  0.03184 -0.11598
   0.74720  0.03530 -0.12535
   0.71818  0.03857 -0.13536
   0.68974  0.04165 -0.14609
   0.66188  0.04454 -0.15753
   0.63459  0.04725 -0.16966
   0.60787  0.04979 -0.18241
   0.58173  0.05214 -0.19568
   0.55616  0.05431 -0.20938
   0.53117  0.05630 -0.22340
   0.50675  0.05812 -0.23762
   0.48291  0.05975 -0.25195
   0.45964  0.06121 -0.26631
   0.43694  0.06248 -0.28060
   0.41482  0.06358 -0.29474
   0.39328  0.06450 -0.30868
   0.37231  0.06523 -0.32232
   0.35191  0.06579 -0.33563
   0.33209  0.06618 -0.34854
   0.31284  0.06639 -0.36099
   0.29417  0.06642 -0.37289
   0.27607  0.06628 -0.38422
   0.25855  0.06597 -0.39489
   0.24160  0.06550 -0.40484
   0.22522  0.06486 -0.41403
   0.20942  0.06407 -0.42237
   0.19420  0.06312 -0.42979
   0.17955  0.06202 -0.43614
   0.16547  0.06077 -0.44141
   0.15197  0.05938 -0.44548
   0.13904  0.05785 -0.44817
   0.12669  0.05620 -0.44934
   0.11491  0.05441 -0.44881
   0.10371  0.05251 -0.44649
   0.09308  0.05049 -0.44183
   0.08302  0.04836 -0.43478
   0.07354  0.04612 -0.42458
   0.06464  0.04379 -0.41084
   0.05631  0.04137 -0.39269
   0.04855  0.03885 -0.36940
   0.04137  0.03625 -0.33935
   0.03476  0.03358 -0.30080
   0.02873  0.03083 -0.25189
   0.02327  0.02801 -0.18953
   0.01839  0.02512 -0.11030
   0.01408  0.02217 -0.01069
   0.01034  0.01916  0.11429
   0.00718  0.01610  0.26658
   0.00460  0.01298  0.44387
   0.00258  0.00981  0.63628
   0.00115  0.00659  0.81717
   0.00029  0.00332  0.95080
   0.00000  0.00000  1.00003
   0.00029 -0.00332  0.95088
   0.00115 -0.00659  0.81723
   0.00258 -0.00981  0.63630
   0.00460 -0.01298  0.44392
   0.00718 -0.01610  0.26647
   0.01034 -0.01916  0.11412
   0.01408 -0.02217 -0.01060
   0.01839 -0.02512 -0.11039
   0.02327 -0.02801 -0.18948
   0.02873 -0.03083 -0.25187
   0.03476 -0.03358 -0.30085
   0.04137 -0.03625 -0.33927
   0.04855 -0.03885 -0.36935
   0.05631 -0.04137 -0.39272
   0.06464 -0.04379 -0.41091
   0.07354 -0.04612 -0.42459
   0.08302 -0.04836 -0.43477
   0.09308 -0.05049 -0.44186
   0.10371 -0.05251 -0.44646
   0.11491 -0.05441 -0.44886
   0.12669 -0.05620 -0.44935
   0.13904 -0.05785 -0.44818
   0.15197 -0.05938 -0.44549
   0.16547 -0.06077 -0.44140
   0.17955 -0.06202 -0.43614
   0.19420 -0.06312 -0.42978
   0.20942 -0.06407 -0.42237
   0.22522 -0.06486 -0.41402
   0.24160 -0.06550 -0.40484
   0.25855 -0.06597 -0.39490
   0.27607 -0.06628 -0.38422
   0.29417 -0.06642 -0.37289
   0.31284 -0.06639 -0.36100
   0.33209 -0.06618 -0.34854
   0.35191 -0.06579 -0.33563
   0.37231 -0.06523 -0.32232
   0.39328 -0.06450 -0.30867
   0.41482 -0.06358 -0.29474
   0.43694 -0.06248 -0.28060
   0.45964 -0.06121 -0.26631
   0.48291 -0.05975 -0.25195
   0.50675 -0.05812 -0.23762
   0.53117 -0.05630 -0.22339
   0.55616 -0.05431 -0.20938
   0.58173 -0.05214 -0.19568
   0.60787 -0.04979 -0.18241
   0.63459 -0.04725 -0.16966
   0.66188 -0.04454 -0.15753
   0.68974 -0.04165 -0.14609
   0.71818 -0.03857 -0.13536
   0.74720 -0.03530 -0.12535
   0.77679 -0.03184 -0.11598
   0.80695 -0.02818 -0.10733
   0.83769 -0.02431 -0.09943
   0.86900 -0.02022 -0.09226
   0.90089 -0.01590 -0.08578
   0.93335 -0.01134 -0.07992
   0.96639 -0.00651 -0.07460
   1.00000 -0.00140 -0.06958
