NACA85                                          
 Alfa =   0.00000 Re =    20000.000 Xflap,Yflap =     0.000000    0.000000
#    x        y        Cp  
   1.00000  0.00138 -0.06785
   0.96639  0.00647 -0.07293
   0.93335  0.01126 -0.07833
   0.90089  0.01579 -0.08427
   0.86900  0.02008 -0.09085
   0.83769  0.02415 -0.09811
   0.80695  0.02799 -0.10611
   0.77679  0.03163 -0.11485
   0.74720  0.03507 -0.12427
   0.71818  0.03831 -0.13435
   0.68974  0.04137 -0.14513
   0.66188  0.04425 -0.15662
   0.63459  0.04694 -0.16877
   0.60787  0.04946 -0.18153
   0.58173  0.05179 -0.19479
   0.55616  0.05395 -0.20845
   0.53117  0.05593 -0.22240
   0.50675  0.05773 -0.23653
   0.48291  0.05936 -0.25077
   0.45964  0.06080 -0.26502
   0.43694  0.06207 -0.27918
   0.41482  0.06316 -0.29323
   0.39328  0.06407 -0.30703
   0.37231  0.06480 -0.32055
   0.35191  0.06536 -0.33374
   0.33209  0.06574 -0.34652
   0.31284  0.06594 -0.35885
   0.29417  0.06598 -0.37067
   0.27607  0.06584 -0.38187
   0.25855  0.06554 -0.39247
   0.24160  0.06507 -0.40234
   0.22522  0.06443 -0.41145
   0.20942  0.06364 -0.41973
   0.19420  0.06270 -0.42708
   0.17955  0.06161 -0.43342
   0.16547  0.06037 -0.43863
   0.15197  0.05899 -0.44270
   0.13904  0.05747 -0.44539
   0.12669  0.05582 -0.44662
   0.11491  0.05405 -0.44624
   0.10371  0.05216 -0.44391
   0.09308  0.05015 -0.43942
   0.08302  0.04804 -0.43236
   0.07354  0.04582 -0.42239
   0.06464  0.04350 -0.40888
   0.05631  0.04109 -0.39108
   0.04855  0.03859 -0.36804
   0.04137  0.03601 -0.33834
   0.03476  0.03335 -0.30028
   0.02873  0.03062 -0.25194
   0.02327  0.02782 -0.19030
   0.01839  0.02495 -0.11189
   0.01408  0.02202 -0.01284
   0.01034  0.01903  0.11161
   0.00718  0.01599  0.26341
   0.00460  0.01289  0.44046
   0.00258  0.00974  0.63359
   0.00115  0.00654  0.81561
   0.00029  0.00330  0.95028
   0.00000  0.00000  1.00003
   0.00029 -0.00330  0.95026
   0.00115 -0.00654  0.81567
   0.00258 -0.00974  0.63363
   0.00460 -0.01289  0.44061
   0.00718 -0.01599  0.26327
   0.01034 -0.01903  0.11144
   0.01408 -0.02202 -0.01272
   0.01839 -0.02495 -0.11193
   0.02327 -0.02782 -0.19028
   0.02873 -0.03062 -0.25189
   0.03476 -0.03335 -0.30035
   0.04137 -0.03601 -0.33826
   0.04855 -0.03859 -0.36795
   0.05631 -0.04109 -0.39114
   0.06464 -0.04350 -0.40891
   0.07354 -0.04582 -0.42242
   0.08302 -0.04804 -0.43235
   0.09308 -0.05015 -0.43945
   0.10371 -0.05216 -0.44390
   0.11491 -0.05405 -0.44627
   0.12669 -0.05582 -0.44661
   0.13904 -0.05747 -0.44540
   0.15197 -0.05899 -0.44270
   0.16547 -0.06037 -0.43864
   0.17955 -0.06161 -0.43342
   0.19420 -0.06270 -0.42706
   0.20942 -0.06364 -0.41972
   0.22522 -0.06443 -0.41144
   0.24160 -0.06507 -0.40235
   0.25855 -0.06554 -0.39247
   0.27607 -0.06584 -0.38187
   0.29417 -0.06598 -0.37068
   0.31284 -0.06594 -0.35886
   0.33209 -0.06574 -0.34652
   0.35191 -0.06536 -0.33375
   0.37231 -0.06480 -0.32056
   0.39328 -0.06407 -0.30703
   0.41482 -0.06316 -0.29322
   0.43694 -0.06207 -0.27919
   0.45964 -0.06080 -0.26502
   0.48291 -0.05936 -0.25077
   0.50675 -0.05773 -0.23654
   0.53117 -0.05593 -0.22239
   0.55616 -0.05395 -0.20845
   0.58173 -0.05179 -0.19479
   0.60787 -0.04946 -0.18153
   0.63459 -0.04694 -0.16878
   0.66188 -0.04425 -0.15662
   0.68974 -0.04137 -0.14513
   0.71818 -0.03831 -0.13435
   0.74720 -0.03507 -0.12428
   0.77679 -0.03163 -0.11485
   0.80695 -0.02799 -0.10611
   0.83769 -0.02415 -0.09811
   0.86900 -0.02008 -0.09085
   0.90089 -0.01579 -0.08427
   0.93335 -0.01126 -0.07833
   0.96639 -0.00647 -0.07293
   1.00000 -0.00138 -0.06785
