NACA86                                          
 Alfa =   0.00000 Re =    20000.000 Xflap,Yflap =     0.000000    0.000000
#    x        y        Cp  
   1.00000  0.00138 -0.06614
   0.96639  0.00642 -0.07130
   0.93335  0.01119 -0.07677
   0.90089  0.01569 -0.08281
   0.86900  0.01995 -0.08948
   0.83769  0.02399 -0.09684
   0.80695  0.02781 -0.10493
   0.77679  0.03142 -0.11376
   0.74720  0.03483 -0.12324
   0.71818  0.03806 -0.13337
   0.68974  0.04110 -0.14421
   0.66188  0.04396 -0.15574
   0.63459  0.04663 -0.16792
   0.60787  0.04913 -0.18068
   0.58173  0.05145 -0.19391
   0.55616  0.05359 -0.20752
   0.53117  0.05556 -0.22141
   0.50675  0.05735 -0.23547
   0.48291  0.05897 -0.24960
   0.45964  0.06040 -0.26374
   0.43694  0.06166 -0.27780
   0.41482  0.06274 -0.29172
   0.39328  0.06365 -0.30538
   0.37231  0.06438 -0.31881
   0.35191  0.06493 -0.33189
   0.33209  0.06531 -0.34454
   0.31284  0.06551 -0.35676
   0.29417  0.06554 -0.36846
   0.27607  0.06541 -0.37960
   0.25855  0.06510 -0.39008
   0.24160  0.06464 -0.39989
   0.22522  0.06401 -0.40890
   0.20942  0.06323 -0.41710
   0.19420  0.06229 -0.42441
   0.17955  0.06120 -0.43070
   0.16547  0.05997 -0.43596
   0.15197  0.05860 -0.43991
   0.13904  0.05709 -0.44267
   0.12669  0.05546 -0.44398
   0.11491  0.05370 -0.44355
   0.10371  0.05182 -0.44130
   0.09308  0.04982 -0.43691
   0.08302  0.04772 -0.43012
   0.07354  0.04552 -0.42033
   0.06464  0.04322 -0.40694
   0.05631  0.04082 -0.38950
   0.04855  0.03834 -0.36667
   0.04137  0.03578 -0.33736
   0.03476  0.03313 -0.29978
   0.02873  0.03042 -0.25214
   0.02327  0.02764 -0.19088
   0.01839  0.02479 -0.11314
   0.01408  0.02188 -0.01507
   0.01034  0.01891  0.10900
   0.00718  0.01588  0.26012
   0.00460  0.01281  0.43720
   0.00258  0.00968  0.63090
   0.00115  0.00650  0.81400
   0.00029  0.00327  0.94975
   0.00000  0.00000  1.00003
   0.00029 -0.00327  0.94984
   0.00115 -0.00650  0.81404
   0.00258 -0.00968  0.63069
   0.00460 -0.01281  0.43749
   0.00718 -0.01588  0.25999
   0.01034 -0.01891  0.10864
   0.01408 -0.02188 -0.01479
   0.01839 -0.02479 -0.11314
   0.02327 -0.02764 -0.19100
   0.02873 -0.03042 -0.25208
   0.03476 -0.03313 -0.29978
   0.04137 -0.03578 -0.33728
   0.04855 -0.03834 -0.36660
   0.05631 -0.04082 -0.38953
   0.06464 -0.04322 -0.40701
   0.07354 -0.04552 -0.42036
   0.08302 -0.04772 -0.43012
   0.09308 -0.04982 -0.43694
   0.10371 -0.05182 -0.44129
   0.11491 -0.05370 -0.44358
   0.12669 -0.05546 -0.44398
   0.13904 -0.05709 -0.44267
   0.15197 -0.05860 -0.43992
   0.16547 -0.05997 -0.43595
   0.17955 -0.06120 -0.43070
   0.19420 -0.06229 -0.42439
   0.20942 -0.06323 -0.41710
   0.22522 -0.06401 -0.40891
   0.24160 -0.06464 -0.39988
   0.25855 -0.06510 -0.39009
   0.27607 -0.06541 -0.37960
   0.29417 -0.06554 -0.36846
   0.31284 -0.06551 -0.35677
   0.33209 -0.06531 -0.34453
   0.35191 -0.06493 -0.33189
   0.37231 -0.06438 -0.31882
   0.39328 -0.06365 -0.30539
   0.41482 -0.06274 -0.29172
   0.43694 -0.06166 -0.27781
   0.45964 -0.06040 -0.26373
   0.48291 -0.05897 -0.24961
   0.50675 -0.05735 -0.23547
   0.53117 -0.05556 -0.22141
   0.55616 -0.05359 -0.20752
   0.58173 -0.05145 -0.19392
   0.60787 -0.04913 -0.18068
   0.63459 -0.04663 -0.16793
   0.66188 -0.04396 -0.15574
   0.68974 -0.04110 -0.14421
   0.71818 -0.03806 -0.13338
   0.74720 -0.03483 -0.12324
   0.77679 -0.03142 -0.11376
   0.80695 -0.02781 -0.10493
   0.83769 -0.02399 -0.09684
   0.86900 -0.01995 -0.08948
   0.90089 -0.01569 -0.08281
   0.93335 -0.01119 -0.07677
   0.96639 -0.00642 -0.07130
   1.00000 -0.00138 -0.06614
