NACA87                                          
 Alfa =   0.00000 Re =    20000.000 Xflap,Yflap =     0.000000    0.000000
#    x        y        Cp  
   1.00000  0.00137 -0.06449
   0.96639  0.00638 -0.06971
   0.93335  0.01111 -0.07527
   0.90089  0.01559 -0.08139
   0.86900  0.01982 -0.08815
   0.83769  0.02383 -0.09561
   0.80695  0.02762 -0.10379
   0.77679  0.03121 -0.11269
   0.74720  0.03461 -0.12222
   0.71818  0.03781 -0.13242
   0.68974  0.04083 -0.14331
   0.66188  0.04367 -0.15488
   0.63459  0.04633 -0.16708
   0.60787  0.04881 -0.17983
   0.58173  0.05111 -0.19304
   0.55616  0.05324 -0.20660
   0.53117  0.05520 -0.22042
   0.50675  0.05698 -0.23438
   0.48291  0.05858 -0.24843
   0.45964  0.06001 -0.26247
   0.43694  0.06126 -0.27641
   0.41482  0.06233 -0.29020
   0.39328  0.06323 -0.30378
   0.37231  0.06396 -0.31707
   0.35191  0.06450 -0.33003
   0.33209  0.06488 -0.34258
   0.31284  0.06508 -0.35467
   0.29417  0.06511 -0.36627
   0.27607  0.06498 -0.37732
   0.25855  0.06468 -0.38772
   0.24160  0.06421 -0.39744
   0.22522  0.06359 -0.40638
   0.20942  0.06281 -0.41451
   0.19420  0.06188 -0.42176
   0.17955  0.06080 -0.42806
   0.16547  0.05958 -0.43323
   0.15197  0.05821 -0.43725
   0.13904  0.05672 -0.43999
   0.12669  0.05509 -0.44128
   0.11491  0.05334 -0.44089
   0.10371  0.05148 -0.43879
   0.09308  0.04950 -0.43448
   0.08302  0.04741 -0.42784
   0.07354  0.04522 -0.41817
   0.06464  0.04293 -0.40501
   0.05631  0.04055 -0.38772
   0.04855  0.03809 -0.36540
   0.04137  0.03554 -0.33646
   0.03476  0.03292 -0.29944
   0.02873  0.03022 -0.25213
   0.02327  0.02746 -0.19152
   0.01839  0.02462 -0.11453
   0.01408  0.02173 -0.01703
   0.01034  0.01878  0.10627
   0.00718  0.01578  0.25678
   0.00460  0.01272  0.43410
   0.00258  0.00962  0.62826
   0.00115  0.00646  0.81230
   0.00029  0.00325  0.94924
   0.00000  0.00000  1.00003
   0.00029 -0.00325  0.94930
   0.00115 -0.00646  0.81238
   0.00258 -0.00962  0.62803
   0.00460 -0.01272  0.43416
   0.00718 -0.01578  0.25679
   0.01034 -0.01878  0.10607
   0.01408 -0.02173 -0.01687
   0.01839 -0.02462 -0.11450
   0.02327 -0.02746 -0.19159
   0.02873 -0.03022 -0.25212
   0.03476 -0.03292 -0.29944
   0.04137 -0.03554 -0.33643
   0.04855 -0.03809 -0.36536
   0.05631 -0.04055 -0.38772
   0.06464 -0.04293 -0.40507
   0.07354 -0.04522 -0.41817
   0.08302 -0.04741 -0.42783
   0.09308 -0.04950 -0.43454
   0.10371 -0.05148 -0.43877
   0.11491 -0.05334 -0.44094
   0.12669 -0.05509 -0.44128
   0.13904 -0.05672 -0.44000
   0.15197 -0.05821 -0.43726
   0.16547 -0.05958 -0.43322
   0.17955 -0.06080 -0.42808
   0.19420 -0.06188 -0.42174
   0.20942 -0.06281 -0.41451
   0.22522 -0.06359 -0.40638
   0.24160 -0.06421 -0.39743
   0.25855 -0.06468 -0.38772
   0.27607 -0.06498 -0.37732
   0.29417 -0.06511 -0.36628
   0.31284 -0.06508 -0.35468
   0.33209 -0.06488 -0.34257
   0.35191 -0.06450 -0.33003
   0.37231 -0.06396 -0.31708
   0.39328 -0.06323 -0.30378
   0.41482 -0.06233 -0.29020
   0.43694 -0.06126 -0.27642
   0.45964 -0.06001 -0.26246
   0.48291 -0.05858 -0.24844
   0.50675 -0.05698 -0.23439
   0.53117 -0.05520 -0.22042
   0.55616 -0.05324 -0.20661
   0.58173 -0.05111 -0.19304
   0.60787 -0.04881 -0.17983
   0.63459 -0.04633 -0.16708
   0.66188 -0.04367 -0.15488
   0.68974 -0.04083 -0.14331
   0.71818 -0.03781 -0.13242
   0.74720 -0.03461 -0.12222
   0.77679 -0.03121 -0.11269
   0.80695 -0.02762 -0.10379
   0.83769 -0.02383 -0.09561
   0.86900 -0.01982 -0.08815
   0.90089 -0.01559 -0.08139
   0.93335 -0.01111 -0.07527
   0.96639 -0.00638 -0.06971
   1.00000 -0.00137 -0.06449
