NACA88                                          
 Alfa =   0.00000 Re =    20000.000 Xflap,Yflap =     0.000000    0.000000
#    x        y        Cp  
   1.00000  0.00136 -0.06289
   0.96639  0.00634 -0.06817
   0.93335  0.01104 -0.07381
   0.90089  0.01549 -0.08001
   0.86900  0.01969 -0.08686
   0.83769  0.02368 -0.09441
   0.80695  0.02744 -0.10267
   0.77679  0.03101 -0.11164
   0.74720  0.03438 -0.12123
   0.71818  0.03757 -0.13148
   0.68974  0.04056 -0.14242
   0.66188  0.04338 -0.15403
   0.63459  0.04603 -0.16624
   0.60787  0.04849 -0.17899
   0.58173  0.05078 -0.19217
   0.55616  0.05290 -0.20567
   0.53117  0.05484 -0.21943
   0.50675  0.05661 -0.23331
   0.48291  0.05820 -0.24726
   0.45964  0.05962 -0.26119
   0.43694  0.06086 -0.27502
   0.41482  0.06193 -0.28871
   0.39328  0.06282 -0.30216
   0.37231  0.06354 -0.31533
   0.35191  0.06408 -0.32816
   0.33209  0.06446 -0.34062
   0.31284  0.06466 -0.35262
   0.29417  0.06469 -0.36411
   0.27607  0.06456 -0.37504
   0.25855  0.06426 -0.38535
   0.24160  0.06380 -0.39499
   0.22522  0.06318 -0.40387
   0.20942  0.06240 -0.41197
   0.19420  0.06148 -0.41917
   0.17955  0.06040 -0.42538
   0.16547  0.05919 -0.43058
   0.15197  0.05784 -0.43457
   0.13904  0.05635 -0.43734
   0.12669  0.05474 -0.43867
   0.11491  0.05300 -0.43830
   0.10371  0.05114 -0.43632
   0.09308  0.04918 -0.43201
   0.08302  0.04710 -0.42549
   0.07354  0.04493 -0.41611
   0.06464  0.04265 -0.40314
   0.05631  0.04029 -0.38618
   0.04855  0.03784 -0.36394
   0.04137  0.03531 -0.33553
   0.03476  0.03270 -0.29890
   0.02873  0.03002 -0.25209
   0.02327  0.02728 -0.19243
   0.01839  0.02447 -0.11581
   0.01408  0.02159 -0.01887
   0.01034  0.01866  0.10342
   0.00718  0.01568  0.25388
   0.00460  0.01264  0.43096
   0.00258  0.00955  0.62548
   0.00115  0.00642  0.81056
   0.00029  0.00323  0.94883
   0.00000  0.00000  1.00002
   0.00029 -0.00323  0.94887
   0.00115 -0.00642  0.81070
   0.00258 -0.00955  0.62552
   0.00460 -0.01264  0.43098
   0.00718 -0.01568  0.25373
   0.01034 -0.01866  0.10329
   0.01408 -0.02159 -0.01886
   0.01839 -0.02447 -0.11582
   0.02327 -0.02728 -0.19234
   0.02873 -0.03002 -0.25206
   0.03476 -0.03270 -0.29895
   0.04137 -0.03531 -0.33548
   0.04855 -0.03784 -0.36391
   0.05631 -0.04029 -0.38615
   0.06464 -0.04265 -0.40322
   0.07354 -0.04493 -0.41613
   0.08302 -0.04710 -0.42547
   0.09308 -0.04918 -0.43208
   0.10371 -0.05114 -0.43630
   0.11491 -0.05300 -0.43834
   0.12669 -0.05474 -0.43867
   0.13904 -0.05635 -0.43735
   0.15197 -0.05784 -0.43456
   0.16547 -0.05919 -0.43058
   0.17955 -0.06040 -0.42538
   0.19420 -0.06148 -0.41915
   0.20942 -0.06240 -0.41198
   0.22522 -0.06318 -0.40386
   0.24160 -0.06380 -0.39499
   0.25855 -0.06426 -0.38536
   0.27607 -0.06456 -0.37504
   0.29417 -0.06469 -0.36413
   0.31284 -0.06466 -0.35263
   0.33209 -0.06446 -0.34061
   0.35191 -0.06408 -0.32818
   0.37231 -0.06354 -0.31534
   0.39328 -0.06282 -0.30216
   0.41482 -0.06193 -0.28870
   0.43694 -0.06086 -0.27503
   0.45964 -0.05962 -0.26119
   0.48291 -0.05820 -0.24726
   0.50675 -0.05661 -0.23332
   0.53117 -0.05484 -0.21943
   0.55616 -0.05290 -0.20568
   0.58173 -0.05078 -0.19217
   0.60787 -0.04849 -0.17899
   0.63459 -0.04603 -0.16625
   0.66188 -0.04338 -0.15403
   0.68974 -0.04056 -0.14242
   0.71818 -0.03757 -0.13148
   0.74720 -0.03438 -0.12123
   0.77679 -0.03101 -0.11164
   0.80695 -0.02744 -0.10268
   0.83769 -0.02368 -0.09441
   0.86900 -0.01969 -0.08686
   0.90089 -0.01549 -0.08001
   0.93335 -0.01104 -0.07381
   0.96639 -0.00634 -0.06817
   1.00000 -0.00136 -0.06289
