NACA89                                          
 Alfa =   0.00000 Re =    20000.000 Xflap,Yflap =     0.000000    0.000000
#    x        y        Cp  
   1.00000  0.00135 -0.06132
   0.96639  0.00630 -0.06667
   0.93335  0.01097 -0.07238
   0.90089  0.01539 -0.07867
   0.86900  0.01957 -0.08561
   0.83769  0.02352 -0.09325
   0.80695  0.02727 -0.10160
   0.77679  0.03081 -0.11062
   0.74720  0.03416 -0.12027
   0.71818  0.03732 -0.13057
   0.68974  0.04030 -0.14156
   0.66188  0.04310 -0.15320
   0.63459  0.04573 -0.16543
   0.60787  0.04818 -0.17816
   0.58173  0.05045 -0.19131
   0.55616  0.05256 -0.20477
   0.53117  0.05449 -0.21845
   0.50675  0.05624 -0.23224
   0.48291  0.05782 -0.24610
   0.45964  0.05923 -0.25993
   0.43694  0.06047 -0.27365
   0.41482  0.06153 -0.28722
   0.39328  0.06241 -0.30055
   0.37231  0.06313 -0.31361
   0.35191  0.06367 -0.32633
   0.33209  0.06404 -0.33870
   0.31284  0.06424 -0.35056
   0.29417  0.06427 -0.36197
   0.27607  0.06414 -0.37280
   0.25855  0.06384 -0.38304
   0.24160  0.06339 -0.39260
   0.22522  0.06277 -0.40140
   0.20942  0.06200 -0.40945
   0.19420  0.06108 -0.41659
   0.17955  0.06001 -0.42277
   0.16547  0.05881 -0.42790
   0.15197  0.05746 -0.43196
   0.13904  0.05598 -0.43468
   0.12669  0.05438 -0.43604
   0.11491  0.05266 -0.43579
   0.10371  0.05081 -0.43378
   0.09308  0.04886 -0.42971
   0.08302  0.04680 -0.42325
   0.07354  0.04464 -0.41399
   0.06464  0.04238 -0.40119
   0.05631  0.04003 -0.38445
   0.04855  0.03760 -0.36271
   0.04137  0.03508 -0.33460
   0.03476  0.03249 -0.29822
   0.02873  0.02983 -0.25219
   0.02327  0.02710 -0.19300
   0.01839  0.02431 -0.11716
   0.01408  0.02145 -0.02105
   0.01034  0.01854  0.10071
   0.00718  0.01558  0.25076
   0.00460  0.01256  0.42781
   0.00258  0.00949  0.62269
   0.00115  0.00637  0.80910
   0.00029  0.00321  0.94831
   0.00000  0.00000  1.00003
   0.00029 -0.00321  0.94834
   0.00115 -0.00637  0.80914
   0.00258 -0.00949  0.62269
   0.00460 -0.01256  0.42783
   0.00718 -0.01558  0.25069
   0.01034 -0.01854  0.10058
   0.01408 -0.02145 -0.02101
   0.01839 -0.02431 -0.11715
   0.02327 -0.02710 -0.19304
   0.02873 -0.02983 -0.25213
   0.03476 -0.03249 -0.29830
   0.04137 -0.03508 -0.33450
   0.04855 -0.03760 -0.36262
   0.05631 -0.04003 -0.38447
   0.06464 -0.04238 -0.40122
   0.07354 -0.04464 -0.41401
   0.08302 -0.04680 -0.42324
   0.09308 -0.04886 -0.42976
   0.10371 -0.05081 -0.43378
   0.11491 -0.05266 -0.43583
   0.12669 -0.05438 -0.43605
   0.13904 -0.05598 -0.43468
   0.15197 -0.05746 -0.43196
   0.16547 -0.05881 -0.42790
   0.17955 -0.06001 -0.42278
   0.19420 -0.06108 -0.41657
   0.20942 -0.06200 -0.40945
   0.22522 -0.06277 -0.40139
   0.24160 -0.06339 -0.39260
   0.25855 -0.06384 -0.38304
   0.27607 -0.06414 -0.37281
   0.29417 -0.06427 -0.36198
   0.31284 -0.06424 -0.35057
   0.33209 -0.06404 -0.33869
   0.35191 -0.06367 -0.32634
   0.37231 -0.06313 -0.31361
   0.39328 -0.06241 -0.30055
   0.41482 -0.06153 -0.28721
   0.43694 -0.06047 -0.27366
   0.45964 -0.05923 -0.25993
   0.48291 -0.05782 -0.24610
   0.50675 -0.05624 -0.23225
   0.53117 -0.05449 -0.21845
   0.55616 -0.05256 -0.20477
   0.58173 -0.05045 -0.19131
   0.60787 -0.04818 -0.17816
   0.63459 -0.04573 -0.16543
   0.66188 -0.04310 -0.15320
   0.68974 -0.04030 -0.14156
   0.71818 -0.03732 -0.13058
   0.74720 -0.03416 -0.12027
   0.77679 -0.03081 -0.11063
   0.80695 -0.02727 -0.10160
   0.83769 -0.02352 -0.09325
   0.86900 -0.01957 -0.08562
   0.90089 -0.01539 -0.07867
   0.93335 -0.01097 -0.07238
   0.96639 -0.00630 -0.06667
   1.00000 -0.00135 -0.06132
