NACA9                                           
 Alfa =   0.00000 Re =    20000.000 Xflap,Yflap =     0.000000    0.000000
#    x        y        Cp  
   1.00000  0.00279 -0.38914
   0.96639  0.01303 -0.39014
   0.93335  0.02270 -0.39086
   0.90089  0.03184 -0.39155
   0.86900  0.04049 -0.39220
   0.83769  0.04868 -0.39283
   0.80695  0.05642 -0.39346
   0.77679  0.06376 -0.39410
   0.74720  0.07069 -0.39477
   0.71818  0.07723 -0.39547
   0.68974  0.08340 -0.39624
   0.66188  0.08920 -0.39709
   0.63459  0.09463 -0.39807
   0.60787  0.09970 -0.39922
   0.58173  0.10441 -0.40059
   0.55616  0.10876 -0.40228
   0.53117  0.11275 -0.40439
   0.50675  0.11638 -0.40706
   0.48291  0.11965 -0.41047
   0.45964  0.12257 -0.41486
   0.43694  0.12512 -0.42051
   0.41482  0.12732 -0.42783
   0.39328  0.12916 -0.43730
   0.37231  0.13063 -0.44951
   0.35191  0.13176 -0.46509
   0.33209  0.13252 -0.48449
   0.31284  0.13294 -0.50743
   0.29417  0.13300 -0.53408
   0.27607  0.13273 -0.56415
   0.25855  0.13211 -0.59618
   0.24160  0.13116 -0.62827
   0.22522  0.12989 -0.65869
   0.20942  0.12830 -0.68597
   0.19420  0.12640 -0.70915
   0.17955  0.12419 -0.72755
   0.16547  0.12169 -0.74047
   0.15197  0.11891 -0.74757
   0.13904  0.11585 -0.74845
   0.12669  0.11253 -0.74266
   0.11491  0.10896 -0.72966
   0.10371  0.10515 -0.70924
   0.09308  0.10110 -0.68033
   0.08302  0.09684 -0.64271
   0.07354  0.09237 -0.59563
   0.06464  0.08770 -0.53834
   0.05631  0.08284 -0.47040
   0.04855  0.07780 -0.39084
   0.04137  0.07260 -0.29928
   0.03476  0.06724 -0.19552
   0.02873  0.06173 -0.07986
   0.02327  0.05608  0.04687
   0.01839  0.05030  0.18254
   0.01408  0.04439  0.32413
   0.01034  0.03837  0.46789
   0.00718  0.03223  0.60709
   0.00460  0.02599  0.73505
   0.00258  0.01964  0.84476
   0.00115  0.01319  0.92892
   0.00029  0.00664  0.98186
   0.00000  0.00000  1.00003
   0.00029 -0.00664  0.98189
   0.00115 -0.01319  0.92892
   0.00258 -0.01964  0.84481
   0.00460 -0.02599  0.73505
   0.00718 -0.03223  0.60709
   0.01034 -0.03837  0.46785
   0.01408 -0.04439  0.32411
   0.01839 -0.05030  0.18252
   0.02327 -0.05608  0.04691
   0.02873 -0.06173 -0.07976
   0.03476 -0.06724 -0.19559
   0.04137 -0.07260 -0.29919
   0.04855 -0.07780 -0.39073
   0.05631 -0.08284 -0.47043
   0.06464 -0.08770 -0.53846
   0.07354 -0.09237 -0.59565
   0.08302 -0.09684 -0.64267
   0.09308 -0.10110 -0.68045
   0.10371 -0.10515 -0.70919
   0.11491 -0.10896 -0.72972
   0.12669 -0.11253 -0.74266
   0.13904 -0.11585 -0.74843
   0.15197 -0.11891 -0.74757
   0.16547 -0.12169 -0.74046
   0.17955 -0.12419 -0.72755
   0.19420 -0.12640 -0.70914
   0.20942 -0.12830 -0.68597
   0.22522 -0.12989 -0.65869
   0.24160 -0.13116 -0.62826
   0.25855 -0.13211 -0.59618
   0.27607 -0.13273 -0.56415
   0.29417 -0.13300 -0.53408
   0.31284 -0.13294 -0.50742
   0.33209 -0.13252 -0.48449
   0.35191 -0.13176 -0.46509
   0.37231 -0.13063 -0.44951
   0.39328 -0.12916 -0.43729
   0.41482 -0.12732 -0.42783
   0.43694 -0.12512 -0.42051
   0.45964 -0.12257 -0.41486
   0.48291 -0.11965 -0.41047
   0.50675 -0.11638 -0.40706
   0.53117 -0.11275 -0.40439
   0.55616 -0.10876 -0.40228
   0.58173 -0.10441 -0.40059
   0.60787 -0.09970 -0.39921
   0.63459 -0.09463 -0.39807
   0.66188 -0.08920 -0.39709
   0.68974 -0.08340 -0.39624
   0.71818 -0.07723 -0.39547
   0.74720 -0.07069 -0.39477
   0.77679 -0.06376 -0.39410
   0.80695 -0.05642 -0.39346
   0.83769 -0.04868 -0.39283
   0.86900 -0.04049 -0.39220
   0.90089 -0.03184 -0.39155
   0.93335 -0.02270 -0.39086
   0.96639 -0.01303 -0.39014
   1.00000 -0.00279 -0.38914
