NACA90                                          
 Alfa =   0.00000 Re =    20000.000 Xflap,Yflap =     0.000000    0.000000
#    x        y        Cp  
   1.00000  0.00134 -0.05979
   0.96639  0.00626 -0.06521
   0.93335  0.01090 -0.07100
   0.90089  0.01529 -0.07737
   0.86900  0.01944 -0.08440
   0.83769  0.02337 -0.09212
   0.80695  0.02709 -0.10055
   0.77679  0.03061 -0.10963
   0.74720  0.03394 -0.11933
   0.71818  0.03708 -0.12969
   0.68974  0.04004 -0.14072
   0.66188  0.04283 -0.15239
   0.63459  0.04544 -0.16463
   0.60787  0.04787 -0.17735
   0.58173  0.05013 -0.19046
   0.55616  0.05222 -0.20386
   0.53117  0.05413 -0.21747
   0.50675  0.05588 -0.23118
   0.48291  0.05745 -0.24494
   0.45964  0.05885 -0.25867
   0.43694  0.06008 -0.27229
   0.41482  0.06113 -0.28574
   0.39328  0.06201 -0.29897
   0.37231  0.06272 -0.31190
   0.35191  0.06326 -0.32454
   0.33209  0.06363 -0.33677
   0.31284  0.06383 -0.34854
   0.29417  0.06386 -0.35984
   0.27607  0.06373 -0.37062
   0.25855  0.06343 -0.38073
   0.24160  0.06298 -0.39022
   0.22522  0.06237 -0.39899
   0.20942  0.06160 -0.40693
   0.19420  0.06069 -0.41405
   0.17955  0.05963 -0.42019
   0.16547  0.05843 -0.42532
   0.15197  0.05709 -0.42931
   0.13904  0.05563 -0.43209
   0.12669  0.05403 -0.43343
   0.11491  0.05232 -0.43325
   0.10371  0.05049 -0.43132
   0.09308  0.04854 -0.42730
   0.08302  0.04650 -0.42103
   0.07354  0.04435 -0.41187
   0.06464  0.04211 -0.39934
   0.05631  0.03977 -0.38294
   0.04855  0.03736 -0.36142
   0.04137  0.03486 -0.33360
   0.03476  0.03228 -0.29782
   0.02873  0.02964 -0.25210
   0.02327  0.02693 -0.19352
   0.01839  0.02415 -0.11836
   0.01408  0.02131 -0.02286
   0.01034  0.01842  0.09812
   0.00718  0.01548  0.24776
   0.00460  0.01248  0.42438
   0.00258  0.00943  0.61993
   0.00115  0.00633  0.80750
   0.00029  0.00319  0.94781
   0.00000  0.00000  1.00003
   0.00029 -0.00319  0.94781
   0.00115 -0.00633  0.80754
   0.00258 -0.00943  0.62008
   0.00460 -0.01248  0.42447
   0.00718 -0.01548  0.24762
   0.01034 -0.01842  0.09805
   0.01408 -0.02131 -0.02282
   0.01839 -0.02415 -0.11845
   0.02327 -0.02693 -0.19341
   0.02873 -0.02964 -0.25211
   0.03476 -0.03228 -0.29788
   0.04137 -0.03486 -0.33356
   0.04855 -0.03736 -0.36134
   0.05631 -0.03977 -0.38293
   0.06464 -0.04211 -0.39941
   0.07354 -0.04435 -0.41188
   0.08302 -0.04650 -0.42102
   0.09308 -0.04854 -0.42734
   0.10371 -0.05049 -0.43132
   0.11491 -0.05232 -0.43326
   0.12669 -0.05403 -0.43343
   0.13904 -0.05563 -0.43210
   0.15197 -0.05709 -0.42932
   0.16547 -0.05843 -0.42531
   0.17955 -0.05963 -0.42021
   0.19420 -0.06069 -0.41402
   0.20942 -0.06160 -0.40694
   0.22522 -0.06237 -0.39899
   0.24160 -0.06298 -0.39021
   0.25855 -0.06343 -0.38073
   0.27607 -0.06373 -0.37062
   0.29417 -0.06386 -0.35984
   0.31284 -0.06383 -0.34855
   0.33209 -0.06363 -0.33676
   0.35191 -0.06326 -0.32454
   0.37231 -0.06272 -0.31190
   0.39328 -0.06201 -0.29897
   0.41482 -0.06113 -0.28573
   0.43694 -0.06008 -0.27229
   0.45964 -0.05885 -0.25866
   0.48291 -0.05745 -0.24494
   0.50675 -0.05588 -0.23119
   0.53117 -0.05413 -0.21746
   0.55616 -0.05222 -0.20386
   0.58173 -0.05013 -0.19046
   0.60787 -0.04787 -0.17735
   0.63459 -0.04544 -0.16463
   0.66188 -0.04283 -0.15239
   0.68974 -0.04004 -0.14072
   0.71818 -0.03708 -0.12969
   0.74720 -0.03394 -0.11933
   0.77679 -0.03061 -0.10963
   0.80695 -0.02709 -0.10055
   0.83769 -0.02337 -0.09212
   0.86900 -0.01944 -0.08440
   0.90089 -0.01529 -0.07737
   0.93335 -0.01090 -0.07100
   0.96639 -0.00626 -0.06521
   1.00000 -0.00134 -0.05979
