NACA91                                          
 Alfa =   0.00000 Re =    20000.000 Xflap,Yflap =     0.000000    0.000000
#    x        y        Cp  
   1.00000  0.00133 -0.05830
   0.96639  0.00622 -0.06379
   0.93335  0.01083 -0.06965
   0.90089  0.01519 -0.07611
   0.86900  0.01932 -0.08322
   0.83769  0.02322 -0.09102
   0.80695  0.02692 -0.09953
   0.77679  0.03042 -0.10866
   0.74720  0.03373 -0.11841
   0.71818  0.03685 -0.12882
   0.68974  0.03979 -0.13989
   0.66188  0.04255 -0.15159
   0.63459  0.04515 -0.16383
   0.60787  0.04756 -0.17653
   0.58173  0.04981 -0.18960
   0.55616  0.05189 -0.20295
   0.53117  0.05379 -0.21649
   0.50675  0.05552 -0.23012
   0.48291  0.05708 -0.24378
   0.45964  0.05847 -0.25740
   0.43694  0.05970 -0.27092
   0.41482  0.06074 -0.28425
   0.39328  0.06162 -0.29737
   0.37231  0.06232 -0.31021
   0.35191  0.06286 -0.32272
   0.33209  0.06322 -0.33486
   0.31284  0.06342 -0.34654
   0.29417  0.06345 -0.35774
   0.27607  0.06332 -0.36840
   0.25855  0.06303 -0.37847
   0.24160  0.06258 -0.38789
   0.22522  0.06197 -0.39656
   0.20942  0.06121 -0.40446
   0.19420  0.06030 -0.41152
   0.17955  0.05925 -0.41765
   0.16547  0.05806 -0.42271
   0.15197  0.05673 -0.42675
   0.13904  0.05527 -0.42950
   0.12669  0.05369 -0.43093
   0.11491  0.05198 -0.43077
   0.10371  0.05016 -0.42886
   0.09308  0.04823 -0.42502
   0.08302  0.04620 -0.41876
   0.07354  0.04407 -0.40979
   0.06464  0.04184 -0.39754
   0.05631  0.03952 -0.38124
   0.04855  0.03712 -0.36000
   0.04137  0.03463 -0.33261
   0.03476  0.03208 -0.29734
   0.02873  0.02945 -0.25220
   0.02327  0.02675 -0.19403
   0.01839  0.02400 -0.11961
   0.01408  0.02118 -0.02461
   0.01034  0.01830  0.09550
   0.00718  0.01538  0.24451
   0.00460  0.01240  0.42150
   0.00258  0.00937  0.61717
   0.00115  0.00629  0.80574
   0.00029  0.00317  0.94726
   0.00000  0.00000  1.00002
   0.00029 -0.00317  0.94736
   0.00115 -0.00629  0.80584
   0.00258 -0.00937  0.61724
   0.00460 -0.01240  0.42152
   0.00718 -0.01538  0.24441
   0.01034 -0.01830  0.09548
   0.01408 -0.02118 -0.02465
   0.01839 -0.02400 -0.11965
   0.02327 -0.02675 -0.19401
   0.02873 -0.02945 -0.25213
   0.03476 -0.03208 -0.29743
   0.04137 -0.03463 -0.33253
   0.04855 -0.03712 -0.35991
   0.05631 -0.03952 -0.38127
   0.06464 -0.04184 -0.39757
   0.07354 -0.04407 -0.40981
   0.08302 -0.04620 -0.41876
   0.09308 -0.04823 -0.42504
   0.10371 -0.05016 -0.42886
   0.11491 -0.05198 -0.43079
   0.12669 -0.05369 -0.43093
   0.13904 -0.05527 -0.42951
   0.15197 -0.05673 -0.42676
   0.16547 -0.05806 -0.42270
   0.17955 -0.05925 -0.41766
   0.19420 -0.06030 -0.41150
   0.20942 -0.06121 -0.40445
   0.22522 -0.06197 -0.39655
   0.24160 -0.06258 -0.38788
   0.25855 -0.06303 -0.37848
   0.27607 -0.06332 -0.36841
   0.29417 -0.06345 -0.35775
   0.31284 -0.06342 -0.34654
   0.33209 -0.06322 -0.33486
   0.35191 -0.06286 -0.32273
   0.37231 -0.06232 -0.31021
   0.39328 -0.06162 -0.29737
   0.41482 -0.06074 -0.28425
   0.43694 -0.05970 -0.27092
   0.45964 -0.05847 -0.25739
   0.48291 -0.05708 -0.24379
   0.50675 -0.05552 -0.23013
   0.53117 -0.05379 -0.21649
   0.55616 -0.05189 -0.20295
   0.58173 -0.04981 -0.18960
   0.60787 -0.04756 -0.17653
   0.63459 -0.04515 -0.16383
   0.66188 -0.04255 -0.15159
   0.68974 -0.03979 -0.13990
   0.71818 -0.03685 -0.12882
   0.74720 -0.03373 -0.11841
   0.77679 -0.03042 -0.10866
   0.80695 -0.02692 -0.09953
   0.83769 -0.02322 -0.09103
   0.86900 -0.01932 -0.08322
   0.90089 -0.01519 -0.07611
   0.93335 -0.01083 -0.06965
   0.96639 -0.00622 -0.06379
   1.00000 -0.00133 -0.05830
