NACA92                                          
 Alfa =   0.00000 Re =    20000.000 Xflap,Yflap =     0.000000    0.000000
#    x        y        Cp  
   1.00000  0.00132 -0.05686
   0.96639  0.00618 -0.06241
   0.93335  0.01076 -0.06835
   0.90089  0.01509 -0.07489
   0.86900  0.01919 -0.08208
   0.83769  0.02307 -0.08996
   0.80695  0.02675 -0.09854
   0.77679  0.03022 -0.10771
   0.74720  0.03351 -0.11752
   0.71818  0.03661 -0.12798
   0.68974  0.03954 -0.13909
   0.66188  0.04228 -0.15080
   0.63459  0.04486 -0.16305
   0.60787  0.04726 -0.17573
   0.58173  0.04949 -0.18876
   0.55616  0.05156 -0.20206
   0.53117  0.05345 -0.21552
   0.50675  0.05517 -0.22906
   0.48291  0.05672 -0.24263
   0.45964  0.05810 -0.25616
   0.43694  0.05932 -0.26955
   0.41482  0.06036 -0.28279
   0.39328  0.06123 -0.29581
   0.37231  0.06193 -0.30852
   0.35191  0.06246 -0.32094
   0.33209  0.06282 -0.33296
   0.31284  0.06302 -0.34456
   0.29417  0.06305 -0.35567
   0.27607  0.06292 -0.36623
   0.25855  0.06263 -0.37620
   0.24160  0.06218 -0.38555
   0.22522  0.06158 -0.39416
   0.20942  0.06082 -0.40201
   0.19420  0.05992 -0.40905
   0.17955  0.05887 -0.41510
   0.16547  0.05769 -0.42022
   0.15197  0.05637 -0.42420
   0.13904  0.05492 -0.42694
   0.12669  0.05335 -0.42833
   0.11491  0.05165 -0.42826
   0.10371  0.04985 -0.42645
   0.09308  0.04793 -0.42268
   0.08302  0.04591 -0.41664
   0.07354  0.04379 -0.40775
   0.06464  0.04157 -0.39569
   0.05631  0.03927 -0.37957
   0.04855  0.03688 -0.35879
   0.04137  0.03442 -0.33170
   0.03476  0.03187 -0.29676
   0.02873  0.02926 -0.25198
   0.02327  0.02658 -0.19455
   0.01839  0.02385 -0.12088
   0.01408  0.02104 -0.02662
   0.01034  0.01819  0.09308
   0.00718  0.01528  0.24147
   0.00460  0.01232  0.41821
   0.00258  0.00931  0.61473
   0.00115  0.00625  0.80412
   0.00029  0.00315  0.94678
   0.00000  0.00000  1.00002
   0.00029 -0.00315  0.94692
   0.00115 -0.00625  0.80405
   0.00258 -0.00931  0.61485
   0.00460 -0.01232  0.41817
   0.00718 -0.01528  0.24129
   0.01034 -0.01819  0.09314
   0.01408 -0.02104 -0.02665
   0.01839 -0.02385 -0.12094
   0.02327 -0.02658 -0.19454
   0.02873 -0.02926 -0.25195
   0.03476 -0.03187 -0.29682
   0.04137 -0.03442 -0.33167
   0.04855 -0.03688 -0.35870
   0.05631 -0.03927 -0.37954
   0.06464 -0.04157 -0.39575
   0.07354 -0.04379 -0.40776
   0.08302 -0.04591 -0.41661
   0.09308 -0.04793 -0.42271
   0.10371 -0.04985 -0.42645
   0.11491 -0.05165 -0.42829
   0.12669 -0.05335 -0.42834
   0.13904 -0.05492 -0.42695
   0.15197 -0.05637 -0.42420
   0.16547 -0.05769 -0.42021
   0.17955 -0.05887 -0.41511
   0.19420 -0.05992 -0.40903
   0.20942 -0.06082 -0.40201
   0.22522 -0.06158 -0.39415
   0.24160 -0.06218 -0.38554
   0.25855 -0.06263 -0.37620
   0.27607 -0.06292 -0.36625
   0.29417 -0.06305 -0.35567
   0.31284 -0.06302 -0.34456
   0.33209 -0.06282 -0.33295
   0.35191 -0.06246 -0.32095
   0.37231 -0.06193 -0.30853
   0.39328 -0.06123 -0.29581
   0.41482 -0.06036 -0.28279
   0.43694 -0.05932 -0.26955
   0.45964 -0.05810 -0.25615
   0.48291 -0.05672 -0.24263
   0.50675 -0.05517 -0.22907
   0.53117 -0.05345 -0.21551
   0.55616 -0.05156 -0.20206
   0.58173 -0.04949 -0.18876
   0.60787 -0.04726 -0.17573
   0.63459 -0.04486 -0.16305
   0.66188 -0.04228 -0.15081
   0.68974 -0.03954 -0.13909
   0.71818 -0.03661 -0.12798
   0.74720 -0.03351 -0.11752
   0.77679 -0.03022 -0.10772
   0.80695 -0.02675 -0.09854
   0.83769 -0.02307 -0.08996
   0.86900 -0.01919 -0.08208
   0.90089 -0.01509 -0.07489
   0.93335 -0.01076 -0.06835
   0.96639 -0.00618 -0.06241
   1.00000 -0.00132 -0.05686
