NACA93                                          
 Alfa =   0.00000 Re =    20000.000 Xflap,Yflap =     0.000000    0.000000
#    x        y        Cp  
   1.00000  0.00132 -0.05545
   0.96639  0.00614 -0.06106
   0.93335  0.01069 -0.06707
   0.90089  0.01500 -0.07369
   0.86900  0.01907 -0.08097
   0.83769  0.02293 -0.08893
   0.80695  0.02658 -0.09756
   0.77679  0.03003 -0.10679
   0.74720  0.03330 -0.11665
   0.71818  0.03638 -0.12716
   0.68974  0.03929 -0.13830
   0.66188  0.04202 -0.15003
   0.63459  0.04458 -0.16227
   0.60787  0.04696 -0.17493
   0.58173  0.04918 -0.18792
   0.55616  0.05123 -0.20116
   0.53117  0.05311 -0.21454
   0.50675  0.05482 -0.22801
   0.48291  0.05637 -0.24148
   0.45964  0.05774 -0.25491
   0.43694  0.05894 -0.26821
   0.41482  0.05998 -0.28134
   0.39328  0.06084 -0.29424
   0.37231  0.06154 -0.30686
   0.35191  0.06207 -0.31918
   0.33209  0.06243 -0.33110
   0.31284  0.06262 -0.34257
   0.29417  0.06266 -0.35360
   0.27607  0.06252 -0.36409
   0.25855  0.06224 -0.37398
   0.24160  0.06179 -0.38326
   0.22522  0.06119 -0.39177
   0.20942  0.06044 -0.39959
   0.19420  0.05954 -0.40659
   0.17955  0.05850 -0.41258
   0.16547  0.05733 -0.41766
   0.15197  0.05601 -0.42168
   0.13904  0.05457 -0.42442
   0.12669  0.05301 -0.42584
   0.11491  0.05133 -0.42583
   0.10371  0.04953 -0.42406
   0.09308  0.04763 -0.42036
   0.08302  0.04562 -0.41437
   0.07354  0.04351 -0.40572
   0.06464  0.04131 -0.39385
   0.05631  0.03902 -0.37802
   0.04855  0.03665 -0.35743
   0.04137  0.03420 -0.33065
   0.03476  0.03167 -0.29620
   0.02873  0.02908 -0.25201
   0.02327  0.02642 -0.19513
   0.01839  0.02369 -0.12198
   0.01408  0.02091 -0.02863
   0.01034  0.01808  0.09046
   0.00718  0.01518  0.23852
   0.00460  0.01224  0.41535
   0.00258  0.00925  0.61186
   0.00115  0.00621  0.80242
   0.00029  0.00313  0.94635
   0.00000  0.00000  1.00002
   0.00029 -0.00313  0.94647
   0.00115 -0.00621  0.80244
   0.00258 -0.00925  0.61195
   0.00460 -0.01224  0.41522
   0.00718 -0.01518  0.23847
   0.01034 -0.01808  0.09035
   0.01408 -0.02091 -0.02854
   0.01839 -0.02369 -0.12212
   0.02327 -0.02642 -0.19508
   0.02873 -0.02908 -0.25198
   0.03476 -0.03167 -0.29625
   0.04137 -0.03420 -0.33060
   0.04855 -0.03665 -0.35738
   0.05631 -0.03902 -0.37802
   0.06464 -0.04131 -0.39389
   0.07354 -0.04351 -0.40575
   0.08302 -0.04562 -0.41436
   0.09308 -0.04763 -0.42039
   0.10371 -0.04953 -0.42406
   0.11491 -0.05133 -0.42586
   0.12669 -0.05301 -0.42585
   0.13904 -0.05457 -0.42443
   0.15197 -0.05601 -0.42167
   0.16547 -0.05733 -0.41767
   0.17955 -0.05850 -0.41259
   0.19420 -0.05954 -0.40657
   0.20942 -0.06044 -0.39958
   0.22522 -0.06119 -0.39177
   0.24160 -0.06179 -0.38327
   0.25855 -0.06224 -0.37398
   0.27607 -0.06252 -0.36410
   0.29417 -0.06266 -0.35361
   0.31284 -0.06262 -0.34257
   0.33209 -0.06243 -0.33109
   0.35191 -0.06207 -0.31918
   0.37231 -0.06154 -0.30686
   0.39328 -0.06084 -0.29424
   0.41482 -0.05998 -0.28133
   0.43694 -0.05894 -0.26822
   0.45964 -0.05774 -0.25490
   0.48291 -0.05637 -0.24149
   0.50675 -0.05482 -0.22802
   0.53117 -0.05311 -0.21454
   0.55616 -0.05123 -0.20116
   0.58173 -0.04918 -0.18793
   0.60787 -0.04696 -0.17494
   0.63459 -0.04458 -0.16228
   0.66188 -0.04202 -0.15004
   0.68974 -0.03929 -0.13830
   0.71818 -0.03638 -0.12716
   0.74720 -0.03330 -0.11665
   0.77679 -0.03003 -0.10679
   0.80695 -0.02658 -0.09757
   0.83769 -0.02293 -0.08893
   0.86900 -0.01907 -0.08097
   0.90089 -0.01500 -0.07369
   0.93335 -0.01069 -0.06708
   0.96639 -0.00614 -0.06106
   1.00000 -0.00132 -0.05545
