NACA94                                          
 Alfa =   0.00000 Re =    20000.000 Xflap,Yflap =     0.000000    0.000000
#    x        y        Cp  
   1.00000  0.00131 -0.05407
   0.96639  0.00610 -0.05975
   0.93335  0.01063 -0.06584
   0.90089  0.01491 -0.07254
   0.86900  0.01895 -0.07989
   0.83769  0.02279 -0.08792
   0.80695  0.02641 -0.09662
   0.77679  0.02985 -0.10589
   0.74720  0.03309 -0.11580
   0.71818  0.03616 -0.12635
   0.68974  0.03904 -0.13753
   0.66188  0.04176 -0.14928
   0.63459  0.04430 -0.16151
   0.60787  0.04667 -0.17415
   0.58173  0.04888 -0.18709
   0.55616  0.05091 -0.20026
   0.53117  0.05278 -0.21358
   0.50675  0.05448 -0.22696
   0.48291  0.05601 -0.24034
   0.45964  0.05738 -0.25367
   0.43694  0.05857 -0.26686
   0.41482  0.05960 -0.27989
   0.39328  0.06046 -0.29268
   0.37231  0.06115 -0.30520
   0.35191  0.06168 -0.31740
   0.33209  0.06204 -0.32923
   0.31284  0.06223 -0.34065
   0.29417  0.06226 -0.35155
   0.27607  0.06213 -0.36198
   0.25855  0.06185 -0.37179
   0.24160  0.06140 -0.38096
   0.22522  0.06081 -0.38947
   0.20942  0.06006 -0.39718
   0.19420  0.05917 -0.40413
   0.17955  0.05814 -0.41009
   0.16547  0.05697 -0.41521
   0.15197  0.05566 -0.41912
   0.13904  0.05423 -0.42198
   0.12669  0.05268 -0.42341
   0.11491  0.05101 -0.42341
   0.10371  0.04922 -0.42167
   0.09308  0.04733 -0.41807
   0.08302  0.04533 -0.41226
   0.07354  0.04324 -0.40371
   0.06464  0.04105 -0.39196
   0.05631  0.03878 -0.37645
   0.04855  0.03642 -0.35613
   0.04137  0.03399 -0.32969
   0.03476  0.03148 -0.29569
   0.02873  0.02890 -0.25196
   0.02327  0.02625 -0.19556
   0.01839  0.02355 -0.12294
   0.01408  0.02078 -0.03057
   0.01034  0.01796  0.08817
   0.00718  0.01509  0.23551
   0.00460  0.01217  0.41184
   0.00258  0.00919  0.60944
   0.00115  0.00618  0.80090
   0.00029  0.00311  0.94575
   0.00000  0.00000  1.00003
   0.00029 -0.00311  0.94585
   0.00115 -0.00618  0.80081
   0.00258 -0.00919  0.60929
   0.00460 -0.01217  0.41205
   0.00718 -0.01509  0.23549
   0.01034 -0.01796  0.08787
   0.01408 -0.02078 -0.03039
   0.01839 -0.02355 -0.12303
   0.02327 -0.02625 -0.19559
   0.02873 -0.02890 -0.25193
   0.03476 -0.03148 -0.29573
   0.04137 -0.03399 -0.32959
   0.04855 -0.03642 -0.35607
   0.05631 -0.03878 -0.37647
   0.06464 -0.04105 -0.39201
   0.07354 -0.04324 -0.40373
   0.08302 -0.04533 -0.41222
   0.09308 -0.04733 -0.41813
   0.10371 -0.04922 -0.42167
   0.11491 -0.05101 -0.42343
   0.12669 -0.05268 -0.42342
   0.13904 -0.05423 -0.42198
   0.15197 -0.05566 -0.41914
   0.16547 -0.05697 -0.41520
   0.17955 -0.05814 -0.41010
   0.19420 -0.05917 -0.40412
   0.20942 -0.06006 -0.39718
   0.22522 -0.06081 -0.38946
   0.24160 -0.06140 -0.38096
   0.25855 -0.06185 -0.37179
   0.27607 -0.06213 -0.36198
   0.29417 -0.06226 -0.35156
   0.31284 -0.06223 -0.34066
   0.33209 -0.06204 -0.32922
   0.35191 -0.06168 -0.31741
   0.37231 -0.06115 -0.30521
   0.39328 -0.06046 -0.29268
   0.41482 -0.05960 -0.27989
   0.43694 -0.05857 -0.26686
   0.45964 -0.05738 -0.25366
   0.48291 -0.05601 -0.24034
   0.50675 -0.05448 -0.22697
   0.53117 -0.05278 -0.21358
   0.55616 -0.05091 -0.20026
   0.58173 -0.04888 -0.18709
   0.60787 -0.04667 -0.17415
   0.63459 -0.04430 -0.16151
   0.66188 -0.04176 -0.14928
   0.68974 -0.03904 -0.13753
   0.71818 -0.03616 -0.12635
   0.74720 -0.03309 -0.11580
   0.77679 -0.02985 -0.10589
   0.80695 -0.02641 -0.09662
   0.83769 -0.02279 -0.08793
   0.86900 -0.01895 -0.07989
   0.90089 -0.01491 -0.07254
   0.93335 -0.01063 -0.06584
   0.96639 -0.00610 -0.05975
   1.00000 -0.00131 -0.05407
