NACA95                                          
 Alfa =   0.00000 Re =    20000.000 Xflap,Yflap =     0.000000    0.000000
#    x        y        Cp  
   1.00000  0.00130 -0.05273
   0.96639  0.00606 -0.05848
   0.93335  0.01056 -0.06464
   0.90089  0.01481 -0.07141
   0.86900  0.01884 -0.07884
   0.83769  0.02264 -0.08695
   0.80695  0.02625 -0.09569
   0.77679  0.02966 -0.10502
   0.74720  0.03289 -0.11498
   0.71818  0.03593 -0.12557
   0.68974  0.03880 -0.13678
   0.66188  0.04150 -0.14854
   0.63459  0.04402 -0.16076
   0.60787  0.04638 -0.17337
   0.58173  0.04857 -0.18627
   0.55616  0.05060 -0.19938
   0.53117  0.05245 -0.21263
   0.50675  0.05414 -0.22592
   0.48291  0.05567 -0.23921
   0.45964  0.05702 -0.25244
   0.43694  0.05821 -0.26553
   0.41482  0.05923 -0.27846
   0.39328  0.06008 -0.29115
   0.37231  0.06077 -0.30357
   0.35191  0.06129 -0.31568
   0.33209  0.06165 -0.32739
   0.31284  0.06185 -0.33871
   0.29417  0.06188 -0.34954
   0.27607  0.06175 -0.35985
   0.25855  0.06146 -0.36960
   0.24160  0.06102 -0.37871
   0.22522  0.06043 -0.38712
   0.20942  0.05969 -0.39486
   0.19420  0.05880 -0.40170
   0.17955  0.05777 -0.40769
   0.16547  0.05661 -0.41270
   0.15197  0.05532 -0.41667
   0.13904  0.05390 -0.41944
   0.12669  0.05235 -0.42096
   0.11491  0.05069 -0.42096
   0.10371  0.04892 -0.41937
   0.09308  0.04704 -0.41585
   0.08302  0.04505 -0.41013
   0.07354  0.04297 -0.40172
   0.06464  0.04080 -0.39019
   0.05631  0.03854 -0.37487
   0.04855  0.03619 -0.35477
   0.04137  0.03377 -0.32881
   0.03476  0.03128 -0.29507
   0.02873  0.02872 -0.25179
   0.02327  0.02609 -0.19593
   0.01839  0.02340 -0.12425
   0.01408  0.02065 -0.03231
   0.01034  0.01785  0.08575
   0.00718  0.01500  0.23258
   0.00460  0.01209  0.40877
   0.00258  0.00914  0.60683
   0.00115  0.00614  0.79916
   0.00029  0.00309  0.94525
   0.00000  0.00000  1.00003
   0.00029 -0.00309  0.94535
   0.00115 -0.00614  0.79909
   0.00258 -0.00914  0.60669
   0.00460 -0.01209  0.40910
   0.00718 -0.01500  0.23256
   0.01034 -0.01785  0.08555
   0.01408 -0.02065 -0.03222
   0.01839 -0.02340 -0.12431
   0.02327 -0.02609 -0.19602
   0.02873 -0.02872 -0.25170
   0.03476 -0.03128 -0.29510
   0.04137 -0.03377 -0.32877
   0.04855 -0.03619 -0.35470
   0.05631 -0.03854 -0.37489
   0.06464 -0.04080 -0.39023
   0.07354 -0.04297 -0.40173
   0.08302 -0.04505 -0.41012
   0.09308 -0.04704 -0.41589
   0.10371 -0.04892 -0.41938
   0.11491 -0.05069 -0.42097
   0.12669 -0.05235 -0.42097
   0.13904 -0.05390 -0.41944
   0.15197 -0.05532 -0.41669
   0.16547 -0.05661 -0.41269
   0.17955 -0.05777 -0.40770
   0.19420 -0.05880 -0.40168
   0.20942 -0.05969 -0.39486
   0.22522 -0.06043 -0.38712
   0.24160 -0.06102 -0.37871
   0.25855 -0.06146 -0.36960
   0.27607 -0.06175 -0.35986
   0.29417 -0.06188 -0.34954
   0.31284 -0.06185 -0.33872
   0.33209 -0.06165 -0.32738
   0.35191 -0.06129 -0.31568
   0.37231 -0.06077 -0.30358
   0.39328 -0.06008 -0.29114
   0.41482 -0.05923 -0.27845
   0.43694 -0.05821 -0.26554
   0.45964 -0.05702 -0.25243
   0.48291 -0.05567 -0.23922
   0.50675 -0.05414 -0.22593
   0.53117 -0.05245 -0.21262
   0.55616 -0.05060 -0.19939
   0.58173 -0.04857 -0.18627
   0.60787 -0.04638 -0.17337
   0.63459 -0.04402 -0.16076
   0.66188 -0.04150 -0.14854
   0.68974 -0.03880 -0.13678
   0.71818 -0.03593 -0.12558
   0.74720 -0.03289 -0.11498
   0.77679 -0.02966 -0.10502
   0.80695 -0.02625 -0.09570
   0.83769 -0.02264 -0.08695
   0.86900 -0.01884 -0.07884
   0.90089 -0.01481 -0.07141
   0.93335 -0.01056 -0.06464
   0.96639 -0.00606 -0.05848
   1.00000 -0.00130 -0.05273
