NACA96                                          
 Alfa =   0.00000 Re =    20000.000 Xflap,Yflap =     0.000000    0.000000
#    x        y        Cp  
   1.00000  0.00129 -0.05143
   0.96639  0.00603 -0.05723
   0.93335  0.01050 -0.06347
   0.90089  0.01472 -0.07032
   0.86900  0.01872 -0.07782
   0.83769  0.02250 -0.08600
   0.80695  0.02609 -0.09478
   0.77679  0.02948 -0.10416
   0.74720  0.03268 -0.11416
   0.71818  0.03571 -0.12480
   0.68974  0.03856 -0.13603
   0.66188  0.04124 -0.14779
   0.63459  0.04375 -0.16001
   0.60787  0.04609 -0.17259
   0.58173  0.04827 -0.18545
   0.55616  0.05028 -0.19849
   0.53117  0.05213 -0.21166
   0.50675  0.05381 -0.22487
   0.48291  0.05532 -0.23807
   0.45964  0.05667 -0.25121
   0.43694  0.05785 -0.26420
   0.41482  0.05886 -0.27702
   0.39328  0.05971 -0.28961
   0.37231  0.06040 -0.30192
   0.35191  0.06092 -0.31394
   0.33209  0.06127 -0.32556
   0.31284  0.06146 -0.33678
   0.29417  0.06149 -0.34752
   0.27607  0.06137 -0.35780
   0.25855  0.06108 -0.36743
   0.24160  0.06064 -0.37650
   0.22522  0.06005 -0.38486
   0.20942  0.05932 -0.39250
   0.19420  0.05844 -0.39933
   0.17955  0.05742 -0.40527
   0.16547  0.05626 -0.41029
   0.15197  0.05498 -0.41419
   0.13904  0.05356 -0.41701
   0.12669  0.05203 -0.41856
   0.11491  0.05038 -0.41855
   0.10371  0.04861 -0.41707
   0.09308  0.04674 -0.41359
   0.08302  0.04477 -0.40802
   0.07354  0.04270 -0.39978
   0.06464  0.04055 -0.38838
   0.05631  0.03830 -0.37332
   0.04855  0.03597 -0.35355
   0.04137  0.03356 -0.32771
   0.03476  0.03109 -0.29454
   0.02873  0.02854 -0.25177
   0.02327  0.02593 -0.19638
   0.01839  0.02325 -0.12529
   0.01408  0.02052 -0.03400
   0.01034  0.01774  0.08326
   0.00718  0.01490  0.22976
   0.00460  0.01201  0.40584
   0.00258  0.00908  0.60414
   0.00115  0.00610  0.79742
   0.00029  0.00307  0.94482
   0.00000  0.00000  1.00003
   0.00029 -0.00307  0.94492
   0.00115 -0.00610  0.79747
   0.00258 -0.00908  0.60414
   0.00460 -0.01201  0.40587
   0.00718 -0.01490  0.22967
   0.01034 -0.01774  0.08312
   0.01408 -0.02052 -0.03399
   0.01839 -0.02325 -0.12528
   0.02327 -0.02593 -0.19642
   0.02873 -0.02854 -0.25169
   0.03476 -0.03109 -0.29460
   0.04137 -0.03356 -0.32766
   0.04855 -0.03597 -0.35349
   0.05631 -0.03830 -0.37334
   0.06464 -0.04055 -0.38842
   0.07354 -0.04270 -0.39980
   0.08302 -0.04477 -0.40801
   0.09308 -0.04674 -0.41362
   0.10371 -0.04861 -0.41706
   0.11491 -0.05038 -0.41859
   0.12669 -0.05203 -0.41857
   0.13904 -0.05356 -0.41702
   0.15197 -0.05498 -0.41420
   0.16547 -0.05626 -0.41029
   0.17955 -0.05742 -0.40528
   0.19420 -0.05844 -0.39932
   0.20942 -0.05932 -0.39251
   0.22522 -0.06005 -0.38484
   0.24160 -0.06064 -0.37649
   0.25855 -0.06108 -0.36743
   0.27607 -0.06137 -0.35780
   0.29417 -0.06149 -0.34753
   0.31284 -0.06146 -0.33678
   0.33209 -0.06127 -0.32555
   0.35191 -0.06092 -0.31396
   0.37231 -0.06040 -0.30193
   0.39328 -0.05971 -0.28962
   0.41482 -0.05886 -0.27702
   0.43694 -0.05785 -0.26420
   0.45964 -0.05667 -0.25120
   0.48291 -0.05532 -0.23807
   0.50675 -0.05381 -0.22487
   0.53117 -0.05213 -0.21166
   0.55616 -0.05028 -0.19849
   0.58173 -0.04827 -0.18545
   0.60787 -0.04609 -0.17259
   0.63459 -0.04375 -0.16001
   0.66188 -0.04124 -0.14780
   0.68974 -0.03856 -0.13603
   0.71818 -0.03571 -0.12480
   0.74720 -0.03268 -0.11417
   0.77679 -0.02948 -0.10416
   0.80695 -0.02609 -0.09479
   0.83769 -0.02250 -0.08600
   0.86900 -0.01872 -0.07782
   0.90089 -0.01472 -0.07032
   0.93335 -0.01050 -0.06347
   0.96639 -0.00603 -0.05724
   1.00000 -0.00129 -0.05143
