NACA97                                          
 Alfa =   0.00000 Re =    20000.000 Xflap,Yflap =     0.000000    0.000000
#    x        y        Cp  
   1.00000  0.00128 -0.05017
   0.96639  0.00599 -0.05603
   0.93335  0.01043 -0.06233
   0.90089  0.01463 -0.06925
   0.86900  0.01860 -0.07683
   0.83769  0.02237 -0.08507
   0.80695  0.02593 -0.09390
   0.77679  0.02930 -0.10333
   0.74720  0.03248 -0.11338
   0.71818  0.03549 -0.12405
   0.68974  0.03832 -0.13531
   0.66188  0.04099 -0.14708
   0.63459  0.04348 -0.15928
   0.60787  0.04581 -0.17182
   0.58173  0.04797 -0.18463
   0.55616  0.04997 -0.19761
   0.53117  0.05181 -0.21071
   0.50675  0.05348 -0.22384
   0.48291  0.05498 -0.23695
   0.45964  0.05632 -0.24999
   0.43694  0.05750 -0.26289
   0.41482  0.05850 -0.27560
   0.39328  0.05935 -0.28810
   0.37231  0.06003 -0.30031
   0.35191  0.06054 -0.31224
   0.33209  0.06089 -0.32376
   0.31284  0.06109 -0.33490
   0.29417  0.06112 -0.34556
   0.27607  0.06099 -0.35572
   0.25855  0.06071 -0.36530
   0.24160  0.06027 -0.37426
   0.22522  0.05968 -0.38258
   0.20942  0.05895 -0.39015
   0.19420  0.05808 -0.39699
   0.17955  0.05706 -0.40287
   0.16547  0.05592 -0.40786
   0.15197  0.05464 -0.41179
   0.13904  0.05323 -0.41461
   0.12669  0.05171 -0.41615
   0.11491  0.05007 -0.41627
   0.10371  0.04831 -0.41472
   0.09308  0.04646 -0.41140
   0.08302  0.04450 -0.40592
   0.07354  0.04244 -0.39773
   0.06464  0.04030 -0.38660
   0.05631  0.03806 -0.37164
   0.04855  0.03575 -0.35228
   0.04137  0.03336 -0.32678
   0.03476  0.03090 -0.29399
   0.02873  0.02836 -0.25170
   0.02327  0.02577 -0.19690
   0.01839  0.02311 -0.12643
   0.01408  0.02040 -0.03562
   0.01034  0.01763  0.08087
   0.00718  0.01481  0.22689
   0.00460  0.01194  0.40288
   0.00258  0.00902  0.60143
   0.00115  0.00606  0.79596
   0.00029  0.00305  0.94419
   0.00000  0.00000  1.00003
   0.00029 -0.00305  0.94432
   0.00115 -0.00606  0.79585
   0.00258 -0.00902  0.60145
   0.00460 -0.01194  0.40310
   0.00718 -0.01481  0.22670
   0.01034 -0.01763  0.08064
   0.01408 -0.02040 -0.03556
   0.01839 -0.02311 -0.12647
   0.02327 -0.02577 -0.19695
   0.02873 -0.02836 -0.25162
   0.03476 -0.03090 -0.29398
   0.04137 -0.03336 -0.32671
   0.04855 -0.03575 -0.35222
   0.05631 -0.03806 -0.37164
   0.06464 -0.04030 -0.38667
   0.07354 -0.04244 -0.39774
   0.08302 -0.04450 -0.40592
   0.09308 -0.04646 -0.41141
   0.10371 -0.04831 -0.41472
   0.11491 -0.05007 -0.41631
   0.12669 -0.05171 -0.41617
   0.13904 -0.05323 -0.41462
   0.15197 -0.05464 -0.41178
   0.16547 -0.05592 -0.40786
   0.17955 -0.05706 -0.40287
   0.19420 -0.05808 -0.39697
   0.20942 -0.05895 -0.39016
   0.22522 -0.05968 -0.38259
   0.24160 -0.06027 -0.37424
   0.25855 -0.06071 -0.36530
   0.27607 -0.06099 -0.35572
   0.29417 -0.06112 -0.34557
   0.31284 -0.06109 -0.33490
   0.33209 -0.06089 -0.32376
   0.35191 -0.06054 -0.31224
   0.37231 -0.06003 -0.30032
   0.39328 -0.05935 -0.28809
   0.41482 -0.05850 -0.27559
   0.43694 -0.05750 -0.26289
   0.45964 -0.05632 -0.24998
   0.48291 -0.05498 -0.23695
   0.50675 -0.05348 -0.22384
   0.53117 -0.05181 -0.21071
   0.55616 -0.04997 -0.19761
   0.58173 -0.04797 -0.18463
   0.60787 -0.04581 -0.17182
   0.63459 -0.04348 -0.15928
   0.66188 -0.04099 -0.14708
   0.68974 -0.03832 -0.13531
   0.71818 -0.03549 -0.12405
   0.74720 -0.03248 -0.11338
   0.77679 -0.02930 -0.10333
   0.80695 -0.02593 -0.09391
   0.83769 -0.02237 -0.08508
   0.86900 -0.01860 -0.07683
   0.90089 -0.01463 -0.06926
   0.93335 -0.01043 -0.06233
   0.96639 -0.00599 -0.05603
   1.00000 -0.00128 -0.05017
