NACA98                                          
 Alfa =   0.00000 Re =    20000.000 Xflap,Yflap =     0.000000    0.000000
#    x        y        Cp  
   1.00000  0.00128 -0.04893
   0.96639  0.00595 -0.05485
   0.93335  0.01037 -0.06123
   0.90089  0.01454 -0.06822
   0.86900  0.01849 -0.07587
   0.83769  0.02223 -0.08417
   0.80695  0.02577 -0.09305
   0.77679  0.02912 -0.10252
   0.74720  0.03228 -0.11262
   0.71818  0.03527 -0.12332
   0.68974  0.03809 -0.13460
   0.66188  0.04074 -0.14637
   0.63459  0.04322 -0.15855
   0.60787  0.04553 -0.17107
   0.58173  0.04768 -0.18382
   0.55616  0.04967 -0.19675
   0.53117  0.05149 -0.20976
   0.50675  0.05315 -0.22281
   0.48291  0.05465 -0.23584
   0.45964  0.05598 -0.24877
   0.43694  0.05714 -0.26158
   0.41482  0.05815 -0.27419
   0.39328  0.05898 -0.28660
   0.37231  0.05966 -0.29872
   0.35191  0.06017 -0.31052
   0.33209  0.06052 -0.32197
   0.31284  0.06071 -0.33301
   0.29417  0.06074 -0.34360
   0.27607  0.06062 -0.35364
   0.25855  0.06033 -0.36318
   0.24160  0.05990 -0.37211
   0.22522  0.05932 -0.38035
   0.20942  0.05859 -0.38785
   0.19420  0.05772 -0.39463
   0.17955  0.05672 -0.40052
   0.16547  0.05558 -0.40549
   0.15197  0.05430 -0.40941
   0.13904  0.05291 -0.41220
   0.12669  0.05139 -0.41377
   0.11491  0.04976 -0.41393
   0.10371  0.04802 -0.41254
   0.09308  0.04617 -0.40921
   0.08302  0.04423 -0.40380
   0.07354  0.04218 -0.39583
   0.06464  0.04005 -0.38487
   0.05631  0.03783 -0.37013
   0.04855  0.03553 -0.35089
   0.04137  0.03316 -0.32580
   0.03476  0.03071 -0.29333
   0.02873  0.02819 -0.25145
   0.02327  0.02561 -0.19742
   0.01839  0.02297 -0.12720
   0.01408  0.02027 -0.03732
   0.01034  0.01752  0.07849
   0.00718  0.01472  0.22395
   0.00460  0.01187  0.39962
   0.00258  0.00897  0.59887
   0.00115  0.00602  0.79416
   0.00029  0.00303  0.94378
   0.00000  0.00000  1.00003
   0.00029 -0.00303  0.94385
   0.00115 -0.00602  0.79413
   0.00258 -0.00897  0.59889
   0.00460 -0.01187  0.39973
   0.00718 -0.01472  0.22390
   0.01034 -0.01752  0.07840
   0.01408 -0.02027 -0.03729
   0.01839 -0.02297 -0.12726
   0.02327 -0.02561 -0.19746
   0.02873 -0.02819 -0.25146
   0.03476 -0.03071 -0.29337
   0.04137 -0.03316 -0.32573
   0.04855 -0.03553 -0.35080
   0.05631 -0.03783 -0.37014
   0.06464 -0.04005 -0.38489
   0.07354 -0.04218 -0.39584
   0.08302 -0.04423 -0.40378
   0.09308 -0.04617 -0.40927
   0.10371 -0.04802 -0.41254
   0.11491 -0.04976 -0.41395
   0.12669 -0.05139 -0.41376
   0.13904 -0.05291 -0.41221
   0.15197 -0.05430 -0.40941
   0.16547 -0.05558 -0.40548
   0.17955 -0.05672 -0.40053
   0.19420 -0.05772 -0.39461
   0.20942 -0.05859 -0.38785
   0.22522 -0.05932 -0.38035
   0.24160 -0.05990 -0.37211
   0.25855 -0.06033 -0.36318
   0.27607 -0.06062 -0.35365
   0.29417 -0.06074 -0.34361
   0.31284 -0.06071 -0.33302
   0.33209 -0.06052 -0.32196
   0.35191 -0.06017 -0.31053
   0.37231 -0.05966 -0.29872
   0.39328 -0.05898 -0.28660
   0.41482 -0.05815 -0.27418
   0.43694 -0.05714 -0.26158
   0.45964 -0.05598 -0.24877
   0.48291 -0.05465 -0.23584
   0.50675 -0.05315 -0.22281
   0.53117 -0.05149 -0.20976
   0.55616 -0.04967 -0.19675
   0.58173 -0.04768 -0.18383
   0.60787 -0.04553 -0.17107
   0.63459 -0.04322 -0.15855
   0.66188 -0.04074 -0.14637
   0.68974 -0.03809 -0.13460
   0.71818 -0.03527 -0.12333
   0.74720 -0.03228 -0.11262
   0.77679 -0.02912 -0.10252
   0.80695 -0.02577 -0.09305
   0.83769 -0.02223 -0.08417
   0.86900 -0.01849 -0.07587
   0.90089 -0.01454 -0.06822
   0.93335 -0.01037 -0.06123
   0.96639 -0.00595 -0.05485
   1.00000 -0.00128 -0.04893
