NACA99                                          
 Alfa =   0.00000 Re =    20000.000 Xflap,Yflap =     0.000000    0.000000
#    x        y        Cp  
   1.00000  0.00127 -0.04773
   0.96639  0.00592 -0.05371
   0.93335  0.01030 -0.06015
   0.90089  0.01445 -0.06722
   0.86900  0.01838 -0.07493
   0.83769  0.02210 -0.08329
   0.80695  0.02561 -0.09221
   0.77679  0.02894 -0.10172
   0.74720  0.03209 -0.11186
   0.71818  0.03506 -0.12260
   0.68974  0.03786 -0.13390
   0.66188  0.04049 -0.14566
   0.63459  0.04295 -0.15783
   0.60787  0.04526 -0.17031
   0.58173  0.04739 -0.18301
   0.55616  0.04937 -0.19587
   0.53117  0.05118 -0.20882
   0.50675  0.05283 -0.22178
   0.48291  0.05431 -0.23471
   0.45964  0.05564 -0.24756
   0.43694  0.05680 -0.26027
   0.41482  0.05779 -0.27280
   0.39328  0.05863 -0.28510
   0.37231  0.05930 -0.29712
   0.35191  0.05981 -0.30884
   0.33209  0.06016 -0.32020
   0.31284  0.06034 -0.33116
   0.29417  0.06037 -0.34164
   0.27607  0.06025 -0.35166
   0.25855  0.05997 -0.36107
   0.24160  0.05954 -0.36994
   0.22522  0.05896 -0.37815
   0.20942  0.05824 -0.38560
   0.19420  0.05737 -0.39232
   0.17955  0.05637 -0.39817
   0.16547  0.05524 -0.40309
   0.15197  0.05398 -0.40703
   0.13904  0.05259 -0.40984
   0.12669  0.05108 -0.41148
   0.11491  0.04946 -0.41157
   0.10371  0.04773 -0.41024
   0.09308  0.04589 -0.40699
   0.08302  0.04396 -0.40178
   0.07354  0.04193 -0.39387
   0.06464  0.03981 -0.38306
   0.05631  0.03760 -0.36867
   0.04855  0.03532 -0.34963
   0.04137  0.03295 -0.32487
   0.03476  0.03052 -0.29275
   0.02873  0.02802 -0.25132
   0.02327  0.02546 -0.19769
   0.01839  0.02283 -0.12833
   0.01408  0.02015 -0.03906
   0.01034  0.01742  0.07616
   0.00718  0.01463  0.22113
   0.00460  0.01180  0.39671
   0.00258  0.00891  0.59625
   0.00115  0.00599  0.79241
   0.00029  0.00302  0.94323
   0.00000  0.00000  1.00003
   0.00029 -0.00302  0.94325
   0.00115 -0.00599  0.79248
   0.00258 -0.00891  0.59623
   0.00460 -0.01180  0.39670
   0.00718 -0.01463  0.22107
   0.01034 -0.01742  0.07605
   0.01408 -0.02015 -0.03886
   0.01839 -0.02283 -0.12838
   0.02327 -0.02546 -0.19776
   0.02873 -0.02802 -0.25124
   0.03476 -0.03052 -0.29279
   0.04137 -0.03295 -0.32478
   0.04855 -0.03532 -0.34957
   0.05631 -0.03760 -0.36869
   0.06464 -0.03981 -0.38315
   0.07354 -0.04193 -0.39389
   0.08302 -0.04396 -0.40177
   0.09308 -0.04589 -0.40703
   0.10371 -0.04773 -0.41023
   0.11491 -0.04946 -0.41160
   0.12669 -0.05108 -0.41147
   0.13904 -0.05259 -0.40984
   0.15197 -0.05398 -0.40703
   0.16547 -0.05524 -0.40308
   0.17955 -0.05637 -0.39819
   0.19420 -0.05737 -0.39230
   0.20942 -0.05824 -0.38561
   0.22522 -0.05896 -0.37814
   0.24160 -0.05954 -0.36993
   0.25855 -0.05997 -0.36108
   0.27607 -0.06025 -0.35167
   0.29417 -0.06037 -0.34164
   0.31284 -0.06034 -0.33116
   0.33209 -0.06016 -0.32019
   0.35191 -0.05981 -0.30884
   0.37231 -0.05930 -0.29713
   0.39328 -0.05863 -0.28509
   0.41482 -0.05779 -0.27281
   0.43694 -0.05680 -0.26027
   0.45964 -0.05564 -0.24755
   0.48291 -0.05431 -0.23471
   0.50675 -0.05283 -0.22178
   0.53117 -0.05118 -0.20882
   0.55616 -0.04937 -0.19588
   0.58173 -0.04739 -0.18301
   0.60787 -0.04526 -0.17031
   0.63459 -0.04295 -0.15783
   0.66188 -0.04049 -0.14567
   0.68974 -0.03786 -0.13390
   0.71818 -0.03506 -0.12260
   0.74720 -0.03209 -0.11186
   0.77679 -0.02894 -0.10173
   0.80695 -0.02561 -0.09221
   0.83769 -0.02210 -0.08329
   0.86900 -0.01838 -0.07493
   0.90089 -0.01445 -0.06722
   0.93335 -0.01030 -0.06015
   0.96639 -0.00592 -0.05371
   1.00000 -0.00127 -0.04773
