NACA 0012                                       
 Alfa =   5.00000 Re =        0.000 Xflap,Yflap =     0.000000    0.000000
#    x        y        Cp  
   1.00000  0.00126  0.40288
   0.97680  0.00447  0.14166
   0.92849  0.01087  0.03420
   0.87437  0.01762 -0.04399
   0.81948  0.02405 -0.10580
   0.76447  0.03008 -0.16080
   0.70943  0.03572 -0.21283
   0.65441  0.04093 -0.26436
   0.59946  0.04568 -0.31709
   0.54462  0.04992 -0.37231
   0.48995  0.05356 -0.43111
   0.43552  0.05652 -0.49452
   0.38142  0.05867 -0.56380
   0.32776  0.05985 -0.64034
   0.27470  0.05987 -0.72627
   0.22252  0.05849 -0.82479
   0.17174  0.05543 -0.94168
   0.12358  0.05037 -1.08661
   0.08131  0.04334 -1.27217
   0.04987  0.03551 -1.49564
   0.02960  0.02823 -1.73325
   0.01668  0.02169 -1.95700
   0.00821  0.01551 -2.10242
   0.00287  0.00932 -1.94571
   0.00030  0.00305 -1.05659
   0.00030 -0.00305  0.16530
   0.00287 -0.00932  0.89327
   0.00821 -0.01551  0.98641
   0.01668 -0.02169  0.83429
   0.02960 -0.02823  0.63071
   0.04987 -0.03551  0.43070
   0.08131 -0.04334  0.25948
   0.12358 -0.05037  0.13759
   0.17174 -0.05543  0.06189
   0.22252 -0.05849  0.01683
   0.27470 -0.05987 -0.00892
   0.32776 -0.05985 -0.02233
   0.38142 -0.05867 -0.02747
   0.43552 -0.05652 -0.02716
   0.48995 -0.05356 -0.02299
   0.54462 -0.04992 -0.01617
   0.59946 -0.04568 -0.00734
   0.65441 -0.04093  0.00334
   0.70943 -0.03572  0.01590
   0.76447 -0.03008  0.03112
   0.81948 -0.02405  0.05023
   0.87437 -0.01762  0.07604
   0.92849 -0.01087  0.11600
   0.97680 -0.00447  0.18382
   1.00000 -0.00126  0.40288
